481	
1.3	1.3	1.3	1.3	1.296488864
	1.296017352	1.3	1.296410022	1.294754676	1.292129259
	1.292099229	1.292895145	1.3	1.296084358	1.292283908
	1.289532007	1.288218361	1.289438673	1.286601688	1.288578477
	1.3	1.295925275	1.292128588	1.29193828	1.287424859
	1.284708178	1.284364102	1.282590367	1.284941788	1.3
	1.296056957	1.291656708	1.287195657	1.286904393	1.282562967
	1.278420883	1.281127276	1.279254355	1.277782414	1.278284818
	1.3	1.295298847	1.28988621	1.286592686	1.281952487
	1.277702754	1.273397588	1.276232639	1.274228886	1.274178175
	1.274025467	1.3	1.295517502	1.290189316	1.287476744
	1.284636685	1.27948081	1.277351641	1.272897892	1.269372545
	1.270267356	1.269248176	1.269304738	1.26907629	1.3
	1.292100356	1.289504202	1.282515946	1.283876137	1.27557475
	1.276829495	1.272247358	1.267833815	1.265436317	1.265377216
	1.264494651	1.264909782	1.263299003	1.285273971	1.279124839
	1.277680547	1.278132166	1.274009904	1.268522809	1.271452147
	1.270465648	1.265130196	1.262917209	1.261586473	1.259804297
	1.259211902	1.259543822	1.259738959	1.273338833	1.26926687
	1.27278033	1.264019247	1.261518071	1.264754279	1.265248963
	1.259281558	1.259323762	1.257820355	1.255244621	1.254632961
	1.255876184	1.255177705	1.267839822	1.262584454	1.258976708
	1.257539061	1.257884586	1.260224424	1.255511312	1.255815115
	1.254148208	1.250819689	1.251186239	1.250194502	1.250540898
	1.252686487	1.251806974	1.254600817	1.254434667	1.250932429
	1.246532429	1.25127008	1.247955279	1.246461052	1.246248049
	1.245894263	1.247984725	1.248011627	1.249798049	1.248987952
	1.245655542	1.242316423	1.242387931	1.244732915	1.24287262
	1.242915138	1.241738783	1.244272285	1.24621139	1.243508619
	1.244941413	1.242252498	1.241652755	1.238708505	1.238387181
	1.240573686	1.238804134	1.237308942	1.237731609	1.240969625
	1.242726716	1.239173662	1.240179116	1.237588086	1.238139191
	1.234455325	1.23452918	1.234235787	1.237549211	1.235652855
	1.234443277	1.237693125	1.234998228	1.236016089	1.233673474
	1.233613721	1.233410503	1.231258656	1.230745209	1.230818899
	1.230524114	1.234603006	1.231110523	1.230980965	1.232404645
	1.229806441	1.229790476	1.230383356	1.22835859	1.227256719
	1.227532146	1.226961588	1.227479341	1.228971569	1.227119219
	1.228539045	1.226720677	1.226091806	1.226119607	1.223840776
	1.225553798	1.223767321	1.223550049	1.222659823	1.225414962
	1.223410865	1.224463683	1.222531789	1.222601253	1.22252793
	1.220498555	1.220571754	1.220866392	1.22091604	1.219397304
	1.221989103	1.218855098	1.219853143	1.22126544	1.219858717
	1.219232419	1.219113924	1.217682283	1.21744979	1.216783377
	1.216545049	1.216270001	1.217146456	1.216446521	1.217522075
	1.216826295	1.216057803	1.215213699	1.21417704	1.214397772
	1.214472283	1.213808995	1.214788897	1.213295366	1.214099651
	1.213188223	1.214275521	1.212733879	1.213839654	1.211480027
	1.211903317	1.211570085	1.211643813	1.210982626	1.210470622
	1.211821332	1.211201533	1.210078452	1.210346988	1.210867264
	1.208516101	1.209190204	1.208302946	1.208889871	1.208962813
	1.208316825	1.208451698	1.208996418	1.207117349	1.206947053
	1.207227779	1.206254885	1.204302998	1.205424086	1.205769473
	1.205642549	1.206354998	1.206427712	1.205839153	1.205286199
	1.204271972	1.204983652	1.20428872	1.201634502	1.202767568
	1.203744332	1.203027343	1.203424025	1.203964447	1.204038049
	1.202205531	1.202845041	1.202348065	1.201745566	1.201502601
	1.199112661	1.200501568	1.201941051	1.201795093	1.20179561
	1.201722843	1.199970028	1.200497016	1.199829348	1.200460459
	1.199356384	1.196738111	1.197895103	1.199699403	1.199814128
	1.199040015	1.199829424	1.198313668	1.197877879	1.198223444
	1.197128878	1.196521284	1.197735129	1.194507085	1.195675762
	1.197094274	1.197674351	1.197747337	1.197455594	1.195888692
	1.195928939	1.195819501	1.19503887	1.194758506	1.19548026
	1.192421427	1.193802846	1.195549635	1.196042633	1.195941945
	1.19565043	1.194391431	1.194124916	1.193095508	1.193271257
	1.193767703	1.190481765	1.191674402	1.194108077	1.19399212
	1.194281091	1.194208518	1.192644068	1.192467731	1.191295946
	1.191877224	1.192503981	1.188686061	1.190063272	1.19247527
	1.192110225	1.192692957	1.192765396	1.19094786	1.191297243
	1.19074649	1.190508089	1.189640934	1.191324656	1.187035743
	1.188410453	1.189599382	1.190242717	1.191367898	1.190744245
	1.191453401	1.191395243	1.188951054	1.189219622	1.188421796
	1.185531291	1.18676275	1.18828352	1.187853521	1.189012943
	1.190112535	1.189519628	1.190213107	1.19016988	1.187802481
	1.186509644	1.184168075	1.185411583	1.185545565	1.186903119
	1.18663033	1.188591729	1.186791927	1.187931957	1.18879778
	1.18901531	1.189088143	1.186102776	1.184318898	1.182948861
	1.18467231	1.185548028	1.185099281	1.185764002	1.187766499
	1.18700173	1.188037408	1.188079919	1.18815209	1.184358989
	1.18187535	1.183145104	1.183536054	1.187374045	1.184768969
	1.185551908	1.186203302	1.186705353	1.187068667	1.187359677
	1.187361244	1.182747363	1.183303394	1.180943811	1.182226881
	1.181523505	1.183802521	1.184703841	1.185444081	1.186055856
	1.186532103	1.186853544	1.186714497	1.181935858	1.182481045
	1.180155836	1.180672578	1.186208035	1.183006948	1.18395895
	1.184987597	1.185934714	1.185315847	1.186327052	1.186325419
	1.182212528	1.181184908	1.181402956	1.179511617	1.180091411
	1.185844884	1.185881926	1.183296927	1.18273262	1.184144301
	1.184837599	1.185812797	1.185298205	1.185936599	1.181499297
	1.180522321	1.17988535	1.179011668	1.182028918	1.182393687
	1.185636775	1.185645757	1.183249024	1.18354371	1.18422869
	1.18478659	1.185178326	1.18555513	1.180950668	1.18019792
	1.179414732	1.178654677	1.182969298	1.18555561	1.18547445
	1.185440028	1.183745777	1.184277111	1.184793914	1.185235496
	1.179731767	1.178442935	1.185275135	1.184409332	1.184911404
	1.178368815	
