-0.980785	0.19509	0
-1	0	0
-0.980785	1.19454e-17	0.19509
-0.980785	0.19509	0


1	0	0
0.980785	0.19509	0
0.980785	1.19454e-17	0.19509
1	0	0


-0.980785	1.19454e-17	0.19509
-1	0	0
-0.980785	-0.19509	2.38909e-17
-0.980785	1.19454e-17	0.19509


1	0	0
0.980785	1.19454e-17	0.19509
0.980785	-0.19509	2.38909e-17
1	0	0


-0.980785	-0.19509	2.38909e-17
-1	0	0
-0.980785	-3.58363e-17	-0.19509
-0.980785	-0.19509	2.38909e-17


1	0	0
0.980785	-0.19509	2.38909e-17
0.980785	-3.58363e-17	-0.19509
1	0	0


-0.980785	-3.58363e-17	-0.19509
-1	0	0
-0.980785	0.19509	0
-0.980785	-3.58363e-17	-0.19509


1	0	0
0.980785	-3.58363e-17	-0.19509
0.980785	0.19509	0
1	0	0


-0.980785	0.19509	0
-0.980785	1.19454e-17	0.19509
-0.92388	0.270598	0.270598
-0.980785	0.19509	0


0.980785	1.19454e-17	0.19509
0.980785	0.19509	0
0.92388	0.270598	0.270598
0.980785	1.19454e-17	0.19509


-0.980785	1.19454e-17	0.19509
-0.980785	-0.19509	2.38909e-17
-0.92388	-0.270598	0.270598
-0.980785	1.19454e-17	0.19509


0.980785	-0.19509	2.38909e-17
0.980785	1.19454e-17	0.19509
0.92388	-0.270598	0.270598
0.980785	-0.19509	2.38909e-17


-0.980785	-0.19509	2.38909e-17
-0.980785	-3.58363e-17	-0.19509
-0.92388	-0.270598	-0.270598
-0.980785	-0.19509	2.38909e-17


0.980785	-3.58363e-17	-0.19509
0.980785	-0.19509	2.38909e-17
0.92388	-0.270598	-0.270598
0.980785	-3.58363e-17	-0.19509


-0.980785	-3.58363e-17	-0.19509
-0.980785	0.19509	0
-0.92388	0.270598	-0.270598
-0.980785	-3.58363e-17	-0.19509


0.980785	0.19509	0
0.980785	-3.58363e-17	-0.19509
0.92388	0.270598	-0.270598
0.980785	0.19509	0


-0.92388	0.270598	0.270598
-0.92388	0.382683	0
-0.980785	0.19509	0
-0.92388	0.270598	0.270598


0.92388	0.382683	0
0.92388	0.270598	0.270598
0.980785	0.19509	0
0.92388	0.382683	0


-0.92388	2.34318e-17	0.382683
-0.92388	0.270598	0.270598
-0.980785	1.19454e-17	0.19509
-0.92388	2.34318e-17	0.382683


0.92388	0.270598	0.270598
0.92388	2.34318e-17	0.382683
0.980785	1.19454e-17	0.19509
0.92388	0.270598	0.270598


-0.92388	-0.270598	0.270598
-0.92388	2.34318e-17	0.382683
-0.980785	1.19454e-17	0.19509
-0.92388	-0.270598	0.270598


0.92388	2.34318e-17	0.382683
0.92388	-0.270598	0.270598
0.980785	1.19454e-17	0.19509
0.92388	2.34318e-17	0.382683


-0.92388	-0.382683	4.68637e-17
-0.92388	-0.270598	0.270598
-0.980785	-0.19509	2.38909e-17
-0.92388	-0.382683	4.68637e-17


0.92388	-0.270598	0.270598
0.92388	-0.382683	4.68637e-17
0.980785	-0.19509	2.38909e-17
0.92388	-0.270598	0.270598


-0.92388	-0.270598	-0.270598
-0.92388	-0.382683	4.68637e-17
-0.980785	-0.19509	2.38909e-17
-0.92388	-0.270598	-0.270598


0.92388	-0.382683	4.68637e-17
0.92388	-0.270598	-0.270598
0.980785	-0.19509	2.38909e-17
0.92388	-0.382683	4.68637e-17


-0.92388	-7.02955e-17	-0.382683
-0.92388	-0.270598	-0.270598
-0.980785	-3.58363e-17	-0.19509
-0.92388	-7.02955e-17	-0.382683


0.92388	-0.270598	-0.270598
0.92388	-7.02955e-17	-0.382683
0.980785	-3.58363e-17	-0.19509
0.92388	-0.270598	-0.270598


-0.92388	0.270598	-0.270598
-0.92388	-7.02955e-17	-0.382683
-0.980785	-3.58363e-17	-0.19509
-0.92388	0.270598	-0.270598


0.92388	-7.02955e-17	-0.382683
0.92388	0.270598	-0.270598
0.980785	-3.58363e-17	-0.19509
0.92388	-7.02955e-17	-0.382683


-0.92388	0.382683	0
-0.92388	0.270598	-0.270598
-0.980785	0.19509	0
-0.92388	0.382683	0


0.92388	0.270598	-0.270598
0.92388	0.382683	0
0.980785	0.19509	0
0.92388	0.270598	-0.270598


-0.92388	0.382683	0
-0.92388	0.270598	0.270598
-0.83147	0.481138	0.277785
-0.92388	0.382683	0


0.92388	0.270598	0.270598
0.92388	0.382683	0
0.83147	0.481138	0.277785
0.92388	0.270598	0.270598


-0.92388	0.270598	0.270598
-0.92388	2.34318e-17	0.382683
-0.83147	0.277785	0.481138
-0.92388	0.270598	0.270598


0.92388	2.34318e-17	0.382683
0.92388	0.270598	0.270598
0.83147	0.277785	0.481138
0.92388	2.34318e-17	0.382683


-0.92388	2.34318e-17	0.382683
-0.92388	-0.270598	0.270598
-0.83147	-0.277785	0.481138
-0.92388	2.34318e-17	0.382683


0.92388	-0.270598	0.270598
0.92388	2.34318e-17	0.382683
0.83147	-0.277785	0.481138
0.92388	-0.270598	0.270598


-0.92388	-0.270598	0.270598
-0.92388	-0.382683	4.68637e-17
-0.83147	-0.481138	0.277785
-0.92388	-0.270598	0.270598


0.92388	-0.382683	4.68637e-17
0.92388	-0.270598	0.270598
0.83147	-0.481138	0.277785
0.92388	-0.382683	4.68637e-17


-0.92388	-0.382683	4.68637e-17
-0.92388	-0.270598	-0.270598
-0.83147	-0.481138	-0.277785
-0.92388	-0.382683	4.68637e-17


0.92388	-0.270598	-0.270598
0.92388	-0.382683	4.68637e-17
0.83147	-0.481138	-0.277785
0.92388	-0.270598	-0.270598


-0.92388	-0.270598	-0.270598
-0.92388	-7.02955e-17	-0.382683
-0.83147	-0.277785	-0.481138
-0.92388	-0.270598	-0.270598


0.92388	-7.02955e-17	-0.382683
0.92388	-0.270598	-0.270598
0.83147	-0.277785	-0.481138
0.92388	-7.02955e-17	-0.382683


-0.92388	-7.02955e-17	-0.382683
-0.92388	0.270598	-0.270598
-0.83147	0.277785	-0.481138
-0.92388	-7.02955e-17	-0.382683


0.92388	0.270598	-0.270598
0.92388	-7.02955e-17	-0.382683
0.83147	0.277785	-0.481138
0.92388	0.270598	-0.270598


-0.92388	0.270598	-0.270598
-0.92388	0.382683	0
-0.83147	0.481138	-0.277785
-0.92388	0.270598	-0.270598


0.92388	0.382683	0
0.92388	0.270598	-0.270598
0.83147	0.481138	-0.277785
0.92388	0.382683	0


-0.83147	0.481138	0.277785
-0.83147	0.55557	0
-0.92388	0.382683	0
-0.83147	0.481138	0.277785


0.83147	0.55557	0
0.83147	0.481138	0.277785
0.92388	0.382683	0
0.83147	0.55557	0


-0.83147	0.277785	0.481138
-0.83147	0.481138	0.277785
-0.92388	0.270598	0.270598
-0.83147	0.277785	0.481138


0.83147	0.481138	0.277785
0.83147	0.277785	0.481138
0.92388	0.270598	0.270598
0.83147	0.481138	0.277785


-0.83147	3.40177e-17	0.55557
-0.83147	0.277785	0.481138
-0.92388	2.34318e-17	0.382683
-0.83147	3.40177e-17	0.55557


0.83147	0.277785	0.481138
0.83147	3.40177e-17	0.55557
0.92388	2.34318e-17	0.382683
0.83147	0.277785	0.481138


-0.83147	-0.277785	0.481138
-0.83147	3.40177e-17	0.55557
-0.92388	2.34318e-17	0.382683
-0.83147	-0.277785	0.481138


0.83147	3.40177e-17	0.55557
0.83147	-0.277785	0.481138
0.92388	2.34318e-17	0.382683
0.83147	3.40177e-17	0.55557


-0.83147	-0.481138	0.277785
-0.83147	-0.277785	0.481138
-0.92388	-0.270598	0.270598
-0.83147	-0.481138	0.277785


0.83147	-0.277785	0.481138
0.83147	-0.481138	0.277785
0.92388	-0.270598	0.270598
0.83147	-0.277785	0.481138


-0.83147	-0.55557	6.80355e-17
-0.83147	-0.481138	0.277785
-0.92388	-0.382683	4.68637e-17
-0.83147	-0.55557	6.80355e-17


0.83147	-0.481138	0.277785
0.83147	-0.55557	6.80355e-17
0.92388	-0.382683	4.68637e-17
0.83147	-0.481138	0.277785


-0.83147	-0.481138	-0.277785
-0.83147	-0.55557	6.80355e-17
-0.92388	-0.382683	4.68637e-17
-0.83147	-0.481138	-0.277785


0.83147	-0.55557	6.80355e-17
0.83147	-0.481138	-0.277785
0.92388	-0.382683	4.68637e-17
0.83147	-0.55557	6.80355e-17


-0.83147	-0.277785	-0.481138
-0.83147	-0.481138	-0.277785
-0.92388	-0.270598	-0.270598
-0.83147	-0.277785	-0.481138


0.83147	-0.481138	-0.277785
0.83147	-0.277785	-0.481138
0.92388	-0.270598	-0.270598
0.83147	-0.481138	-0.277785


-0.83147	-1.02053e-16	-0.55557
-0.83147	-0.277785	-0.481138
-0.92388	-7.02955e-17	-0.382683
-0.83147	-1.02053e-16	-0.55557


0.83147	-0.277785	-0.481138
0.83147	-1.02053e-16	-0.55557
0.92388	-7.02955e-17	-0.382683
0.83147	-0.277785	-0.481138


-0.83147	0.277785	-0.481138
-0.83147	-1.02053e-16	-0.55557
-0.92388	-7.02955e-17	-0.382683
-0.83147	0.277785	-0.481138


0.83147	-1.02053e-16	-0.55557
0.83147	0.277785	-0.481138
0.92388	-7.02955e-17	-0.382683
0.83147	-1.02053e-16	-0.55557


-0.83147	0.481138	-0.277785
-0.83147	0.277785	-0.481138
-0.92388	0.270598	-0.270598
-0.83147	0.481138	-0.277785


0.83147	0.277785	-0.481138
0.83147	0.481138	-0.277785
0.92388	0.270598	-0.270598
0.83147	0.277785	-0.481138


-0.83147	0.55557	0
-0.83147	0.481138	-0.277785
-0.92388	0.382683	0
-0.83147	0.55557	0


0.83147	0.481138	-0.277785
0.83147	0.55557	0
0.92388	0.382683	0
0.83147	0.481138	-0.277785


-0.83147	0.55557	0
-0.83147	0.481138	0.277785
-0.707107	0.653281	0.270598
-0.83147	0.55557	0


0.83147	0.481138	0.277785
0.83147	0.55557	0
0.707107	0.653281	0.270598
0.83147	0.481138	0.277785


-0.83147	0.481138	0.277785
-0.83147	0.277785	0.481138
-0.707107	0.5	0.5
-0.83147	0.481138	0.277785


0.83147	0.277785	0.481138
0.83147	0.481138	0.277785
0.707107	0.5	0.5
0.83147	0.277785	0.481138


-0.83147	0.277785	0.481138
-0.83147	3.40177e-17	0.55557
-0.707107	0.270598	0.653281
-0.83147	0.277785	0.481138


0.83147	3.40177e-17	0.55557
0.83147	0.277785	0.481138
0.707107	0.270598	0.653281
0.83147	3.40177e-17	0.55557


-0.83147	3.40177e-17	0.55557
-0.83147	-0.277785	0.481138
-0.707107	-0.270598	0.653281
-0.83147	3.40177e-17	0.55557


0.83147	-0.277785	0.481138
0.83147	3.40177e-17	0.55557
0.707107	-0.270598	0.653281
0.83147	-0.277785	0.481138


-0.83147	-0.277785	0.481138
-0.83147	-0.481138	0.277785
-0.707107	-0.5	0.5
-0.83147	-0.277785	0.481138


0.83147	-0.481138	0.277785
0.83147	-0.277785	0.481138
0.707107	-0.5	0.5
0.83147	-0.481138	0.277785


-0.83147	-0.481138	0.277785
-0.83147	-0.55557	6.80355e-17
-0.707107	-0.653281	0.270598
-0.83147	-0.481138	0.277785


0.83147	-0.55557	6.80355e-17
0.83147	-0.481138	0.277785
0.707107	-0.653281	0.270598
0.83147	-0.55557	6.80355e-17


-0.83147	-0.55557	6.80355e-17
-0.83147	-0.481138	-0.277785
-0.707107	-0.653281	-0.270598
-0.83147	-0.55557	6.80355e-17


0.83147	-0.481138	-0.277785
0.83147	-0.55557	6.80355e-17
0.707107	-0.653281	-0.270598
0.83147	-0.481138	-0.277785


-0.83147	-0.481138	-0.277785
-0.83147	-0.277785	-0.481138
-0.707107	-0.5	-0.5
-0.83147	-0.481138	-0.277785


0.83147	-0.277785	-0.481138
0.83147	-0.481138	-0.277785
0.707107	-0.5	-0.5
0.83147	-0.277785	-0.481138


-0.83147	-0.277785	-0.481138
-0.83147	-1.02053e-16	-0.55557
-0.707107	-0.270598	-0.653281
-0.83147	-0.277785	-0.481138


0.83147	-1.02053e-16	-0.55557
0.83147	-0.277785	-0.481138
0.707107	-0.270598	-0.653281
0.83147	-1.02053e-16	-0.55557


-0.83147	-1.02053e-16	-0.55557
-0.83147	0.277785	-0.481138
-0.707107	0.270598	-0.653281
-0.83147	-1.02053e-16	-0.55557


0.83147	0.277785	-0.481138
0.83147	-1.02053e-16	-0.55557
0.707107	0.270598	-0.653281
0.83147	0.277785	-0.481138


-0.83147	0.277785	-0.481138
-0.83147	0.481138	-0.277785
-0.707107	0.5	-0.5
-0.83147	0.277785	-0.481138


0.83147	0.481138	-0.277785
0.83147	0.277785	-0.481138
0.707107	0.5	-0.5
0.83147	0.481138	-0.277785


-0.83147	0.481138	-0.277785
-0.83147	0.55557	0
-0.707107	0.653281	-0.270598
-0.83147	0.481138	-0.277785


0.83147	0.55557	0
0.83147	0.481138	-0.277785
0.707107	0.653281	-0.270598
0.83147	0.55557	0


-0.707107	0.653281	0.270598
-0.707107	0.707107	0
-0.83147	0.55557	0
-0.707107	0.653281	0.270598


0.707107	0.707107	0
0.707107	0.653281	0.270598
0.83147	0.55557	0
0.707107	0.707107	0


-0.707107	0.5	0.5
-0.707107	0.653281	0.270598
-0.83147	0.481138	0.277785
-0.707107	0.5	0.5


0.707107	0.653281	0.270598
0.707107	0.5	0.5
0.83147	0.481138	0.277785
0.707107	0.653281	0.270598


-0.707107	0.270598	0.653281
-0.707107	0.5	0.5
-0.83147	0.277785	0.481138
-0.707107	0.270598	0.653281


0.707107	0.5	0.5
0.707107	0.270598	0.653281
0.83147	0.277785	0.481138
0.707107	0.5	0.5


-0.707107	4.32964e-17	0.707107
-0.707107	0.270598	0.653281
-0.83147	3.40177e-17	0.55557
-0.707107	4.32964e-17	0.707107


0.707107	0.270598	0.653281
0.707107	4.32964e-17	0.707107
0.83147	3.40177e-17	0.55557
0.707107	0.270598	0.653281


-0.707107	-0.270598	0.653281
-0.707107	4.32964e-17	0.707107
-0.83147	3.40177e-17	0.55557
-0.707107	-0.270598	0.653281


0.707107	4.32964e-17	0.707107
0.707107	-0.270598	0.653281
0.83147	3.40177e-17	0.55557
0.707107	4.32964e-17	0.707107


-0.707107	-0.5	0.5
-0.707107	-0.270598	0.653281
-0.83147	-0.277785	0.481138
-0.707107	-0.5	0.5


0.707107	-0.270598	0.653281
0.707107	-0.5	0.5
0.83147	-0.277785	0.481138
0.707107	-0.270598	0.653281


-0.707107	-0.653281	0.270598
-0.707107	-0.5	0.5
-0.83147	-0.481138	0.277785
-0.707107	-0.653281	0.270598


0.707107	-0.5	0.5
0.707107	-0.653281	0.270598
0.83147	-0.481138	0.277785
0.707107	-0.5	0.5


-0.707107	-0.707107	8.65927e-17
-0.707107	-0.653281	0.270598
-0.83147	-0.55557	6.80355e-17
-0.707107	-0.707107	8.65927e-17


0.707107	-0.653281	0.270598
0.707107	-0.707107	8.65927e-17
0.83147	-0.55557	6.80355e-17
0.707107	-0.653281	0.270598


-0.707107	-0.653281	-0.270598
-0.707107	-0.707107	8.65927e-17
-0.83147	-0.55557	6.80355e-17
-0.707107	-0.653281	-0.270598


0.707107	-0.707107	8.65927e-17
0.707107	-0.653281	-0.270598
0.83147	-0.55557	6.80355e-17
0.707107	-0.707107	8.65927e-17


-0.707107	-0.5	-0.5
-0.707107	-0.653281	-0.270598
-0.83147	-0.481138	-0.277785
-0.707107	-0.5	-0.5


0.707107	-0.653281	-0.270598
0.707107	-0.5	-0.5
0.83147	-0.481138	-0.277785
0.707107	-0.653281	-0.270598


-0.707107	-0.270598	-0.653281
-0.707107	-0.5	-0.5
-0.83147	-0.277785	-0.481138
-0.707107	-0.270598	-0.653281


0.707107	-0.5	-0.5
0.707107	-0.270598	-0.653281
0.83147	-0.277785	-0.481138
0.707107	-0.5	-0.5


-0.707107	-1.29889e-16	-0.707107
-0.707107	-0.270598	-0.653281
-0.83147	-1.02053e-16	-0.55557
-0.707107	-1.29889e-16	-0.707107


0.707107	-0.270598	-0.653281
0.707107	-1.29889e-16	-0.707107
0.83147	-1.02053e-16	-0.55557
0.707107	-0.270598	-0.653281


-0.707107	0.270598	-0.653281
-0.707107	-1.29889e-16	-0.707107
-0.83147	-1.02053e-16	-0.55557
-0.707107	0.270598	-0.653281


0.707107	-1.29889e-16	-0.707107
0.707107	0.270598	-0.653281
0.83147	-1.02053e-16	-0.55557
0.707107	-1.29889e-16	-0.707107


-0.707107	0.5	-0.5
-0.707107	0.270598	-0.653281
-0.83147	0.277785	-0.481138
-0.707107	0.5	-0.5


0.707107	0.270598	-0.653281
0.707107	0.5	-0.5
0.83147	0.277785	-0.481138
0.707107	0.270598	-0.653281


-0.707107	0.653281	-0.270598
-0.707107	0.5	-0.5
-0.83147	0.481138	-0.277785
-0.707107	0.653281	-0.270598


0.707107	0.5	-0.5
0.707107	0.653281	-0.270598
0.83147	0.481138	-0.277785
0.707107	0.5	-0.5


-0.707107	0.707107	0
-0.707107	0.653281	-0.270598
-0.83147	0.55557	0
-0.707107	0.707107	0


0.707107	0.653281	-0.270598
0.707107	0.707107	0
0.83147	0.55557	0
0.707107	0.653281	-0.270598


-0.707107	0.707107	0
-0.707107	0.653281	0.270598
-0.55557	0.790775	0.256938
-0.707107	0.707107	0


0.707107	0.653281	0.270598
0.707107	0.707107	0
0.55557	0.790775	0.256938
0.707107	0.653281	0.270598


-0.707107	0.653281	0.270598
-0.707107	0.5	0.5
-0.55557	0.672673	0.488726
-0.707107	0.653281	0.270598


0.707107	0.5	0.5
0.707107	0.653281	0.270598
0.55557	0.672673	0.488726
0.707107	0.5	0.5


-0.707107	0.5	0.5
-0.707107	0.270598	0.653281
-0.55557	0.488726	0.672673
-0.707107	0.5	0.5


0.707107	0.270598	0.653281
0.707107	0.5	0.5
0.55557	0.488726	0.672673
0.707107	0.270598	0.653281


-0.707107	0.270598	0.653281
-0.707107	4.32964e-17	0.707107
-0.55557	0.256938	0.790775
-0.707107	0.270598	0.653281


0.707107	4.32964e-17	0.707107
0.707107	0.270598	0.653281
0.55557	0.256938	0.790775
0.707107	4.32964e-17	0.707107


-0.707107	4.32964e-17	0.707107
-0.707107	-0.270598	0.653281
-0.55557	-0.256938	0.790775
-0.707107	4.32964e-17	0.707107


0.707107	-0.270598	0.653281
0.707107	4.32964e-17	0.707107
0.55557	-0.256938	0.790775
0.707107	-0.270598	0.653281


-0.707107	-0.270598	0.653281
-0.707107	-0.5	0.5
-0.55557	-0.488726	0.672673
-0.707107	-0.270598	0.653281


0.707107	-0.5	0.5
0.707107	-0.270598	0.653281
0.55557	-0.488726	0.672673
0.707107	-0.5	0.5


-0.707107	-0.5	0.5
-0.707107	-0.653281	0.270598
-0.55557	-0.672673	0.488726
-0.707107	-0.5	0.5


0.707107	-0.653281	0.270598
0.707107	-0.5	0.5
0.55557	-0.672673	0.488726
0.707107	-0.653281	0.270598


-0.707107	-0.653281	0.270598
-0.707107	-0.707107	8.65927e-17
-0.55557	-0.790775	0.256938
-0.707107	-0.653281	0.270598


0.707107	-0.707107	8.65927e-17
0.707107	-0.653281	0.270598
0.55557	-0.790775	0.256938
0.707107	-0.707107	8.65927e-17


-0.707107	-0.707107	8.65927e-17
-0.707107	-0.653281	-0.270598
-0.55557	-0.790775	-0.256938
-0.707107	-0.707107	8.65927e-17


0.707107	-0.653281	-0.270598
0.707107	-0.707107	8.65927e-17
0.55557	-0.790775	-0.256938
0.707107	-0.653281	-0.270598


-0.707107	-0.653281	-0.270598
-0.707107	-0.5	-0.5
-0.55557	-0.672673	-0.488726
-0.707107	-0.653281	-0.270598


0.707107	-0.5	-0.5
0.707107	-0.653281	-0.270598
0.55557	-0.672673	-0.488726
0.707107	-0.5	-0.5


-0.707107	-0.5	-0.5
-0.707107	-0.270598	-0.653281
-0.55557	-0.488726	-0.672673
-0.707107	-0.5	-0.5


0.707107	-0.270598	-0.653281
0.707107	-0.5	-0.5
0.55557	-0.488726	-0.672673
0.707107	-0.270598	-0.653281


-0.707107	-0.270598	-0.653281
-0.707107	-1.29889e-16	-0.707107
-0.55557	-0.256938	-0.790775
-0.707107	-0.270598	-0.653281


0.707107	-1.29889e-16	-0.707107
0.707107	-0.270598	-0.653281
0.55557	-0.256938	-0.790775
0.707107	-1.29889e-16	-0.707107


-0.707107	-1.29889e-16	-0.707107
-0.707107	0.270598	-0.653281
-0.55557	0.256938	-0.790775
-0.707107	-1.29889e-16	-0.707107


0.707107	0.270598	-0.653281
0.707107	-1.29889e-16	-0.707107
0.55557	0.256938	-0.790775
0.707107	0.270598	-0.653281


-0.707107	0.270598	-0.653281
-0.707107	0.5	-0.5
-0.55557	0.488726	-0.672673
-0.707107	0.270598	-0.653281


0.707107	0.5	-0.5
0.707107	0.270598	-0.653281
0.55557	0.488726	-0.672673
0.707107	0.5	-0.5


-0.707107	0.5	-0.5
-0.707107	0.653281	-0.270598
-0.55557	0.672673	-0.488726
-0.707107	0.5	-0.5


0.707107	0.653281	-0.270598
0.707107	0.5	-0.5
0.55557	0.672673	-0.488726
0.707107	0.653281	-0.270598


-0.707107	0.653281	-0.270598
-0.707107	0.707107	0
-0.55557	0.790775	-0.256938
-0.707107	0.653281	-0.270598


0.707107	0.707107	0
0.707107	0.653281	-0.270598
0.55557	0.790775	-0.256938
0.707107	0.707107	0


-0.55557	0.790775	0.256938
-0.55557	0.83147	0
-0.707107	0.707107	0
-0.55557	0.790775	0.256938


0.55557	0.83147	0
0.55557	0.790775	0.256938
0.707107	0.707107	0
0.55557	0.83147	0


-0.55557	0.672673	0.488726
-0.55557	0.790775	0.256938
-0.707107	0.653281	0.270598
-0.55557	0.672673	0.488726


0.55557	0.790775	0.256938
0.55557	0.672673	0.488726
0.707107	0.653281	0.270598
0.55557	0.790775	0.256938


-0.55557	0.488726	0.672673
-0.55557	0.672673	0.488726
-0.707107	0.5	0.5
-0.55557	0.488726	0.672673


0.55557	0.672673	0.488726
0.55557	0.488726	0.672673
0.707107	0.5	0.5
0.55557	0.672673	0.488726


-0.55557	0.256938	0.790775
-0.55557	0.488726	0.672673
-0.707107	0.270598	0.653281
-0.55557	0.256938	0.790775


0.55557	0.488726	0.672673
0.55557	0.256938	0.790775
0.707107	0.270598	0.653281
0.55557	0.488726	0.672673


-0.55557	5.09111e-17	0.83147
-0.55557	0.256938	0.790775
-0.707107	4.32964e-17	0.707107
-0.55557	5.09111e-17	0.83147


0.55557	0.256938	0.790775
0.55557	5.09111e-17	0.83147
0.707107	4.32964e-17	0.707107
0.55557	0.256938	0.790775


-0.55557	-0.256938	0.790775
-0.55557	5.09111e-17	0.83147
-0.707107	4.32964e-17	0.707107
-0.55557	-0.256938	0.790775


0.55557	5.09111e-17	0.83147
0.55557	-0.256938	0.790775
0.707107	4.32964e-17	0.707107
0.55557	5.09111e-17	0.83147


-0.55557	-0.488726	0.672673
-0.55557	-0.256938	0.790775
-0.707107	-0.270598	0.653281
-0.55557	-0.488726	0.672673


0.55557	-0.256938	0.790775
0.55557	-0.488726	0.672673
0.707107	-0.270598	0.653281
0.55557	-0.256938	0.790775


-0.55557	-0.672673	0.488726
-0.55557	-0.488726	0.672673
-0.707107	-0.5	0.5
-0.55557	-0.672673	0.488726


0.55557	-0.488726	0.672673
0.55557	-0.672673	0.488726
0.707107	-0.5	0.5
0.55557	-0.488726	0.672673


-0.55557	-0.790775	0.256938
-0.55557	-0.672673	0.488726
-0.707107	-0.653281	0.270598
-0.55557	-0.790775	0.256938


0.55557	-0.672673	0.488726
0.55557	-0.790775	0.256938
0.707107	-0.653281	0.270598
0.55557	-0.672673	0.488726


-0.55557	-0.83147	1.01822e-16
-0.55557	-0.790775	0.256938
-0.707107	-0.707107	8.65927e-17
-0.55557	-0.83147	1.01822e-16


0.55557	-0.790775	0.256938
0.55557	-0.83147	1.01822e-16
0.707107	-0.707107	8.65927e-17
0.55557	-0.790775	0.256938


-0.55557	-0.790775	-0.256938
-0.55557	-0.83147	1.01822e-16
-0.707107	-0.707107	8.65927e-17
-0.55557	-0.790775	-0.256938


0.55557	-0.83147	1.01822e-16
0.55557	-0.790775	-0.256938
0.707107	-0.707107	8.65927e-17
0.55557	-0.83147	1.01822e-16


-0.55557	-0.672673	-0.488726
-0.55557	-0.790775	-0.256938
-0.707107	-0.653281	-0.270598
-0.55557	-0.672673	-0.488726


0.55557	-0.790775	-0.256938
0.55557	-0.672673	-0.488726
0.707107	-0.653281	-0.270598
0.55557	-0.790775	-0.256938


-0.55557	-0.488726	-0.672673
-0.55557	-0.672673	-0.488726
-0.707107	-0.5	-0.5
-0.55557	-0.488726	-0.672673


0.55557	-0.672673	-0.488726
0.55557	-0.488726	-0.672673
0.707107	-0.5	-0.5
0.55557	-0.672673	-0.488726


-0.55557	-0.256938	-0.790775
-0.55557	-0.488726	-0.672673
-0.707107	-0.270598	-0.653281
-0.55557	-0.256938	-0.790775


0.55557	-0.488726	-0.672673
0.55557	-0.256938	-0.790775
0.707107	-0.270598	-0.653281
0.55557	-0.488726	-0.672673


-0.55557	-1.52733e-16	-0.83147
-0.55557	-0.256938	-0.790775
-0.707107	-1.29889e-16	-0.707107
-0.55557	-1.52733e-16	-0.83147


0.55557	-0.256938	-0.790775
0.55557	-1.52733e-16	-0.83147
0.707107	-1.29889e-16	-0.707107
0.55557	-0.256938	-0.790775


-0.55557	0.256938	-0.790775
-0.55557	-1.52733e-16	-0.83147
-0.707107	-1.29889e-16	-0.707107
-0.55557	0.256938	-0.790775


0.55557	-1.52733e-16	-0.83147
0.55557	0.256938	-0.790775
0.707107	-1.29889e-16	-0.707107
0.55557	-1.52733e-16	-0.83147


-0.55557	0.488726	-0.672673
-0.55557	0.256938	-0.790775
-0.707107	0.270598	-0.653281
-0.55557	0.488726	-0.672673


0.55557	0.256938	-0.790775
0.55557	0.488726	-0.672673
0.707107	0.270598	-0.653281
0.55557	0.256938	-0.790775


-0.55557	0.672673	-0.488726
-0.55557	0.488726	-0.672673
-0.707107	0.5	-0.5
-0.55557	0.672673	-0.488726


0.55557	0.488726	-0.672673
0.55557	0.672673	-0.488726
0.707107	0.5	-0.5
0.55557	0.488726	-0.672673


-0.55557	0.790775	-0.256938
-0.55557	0.672673	-0.488726
-0.707107	0.653281	-0.270598
-0.55557	0.790775	-0.256938


0.55557	0.672673	-0.488726
0.55557	0.790775	-0.256938
0.707107	0.653281	-0.270598
0.55557	0.672673	-0.488726


-0.55557	0.83147	0
-0.55557	0.790775	-0.256938
-0.707107	0.707107	0
-0.55557	0.83147	0


0.55557	0.790775	-0.256938
0.55557	0.83147	0
0.707107	0.707107	0
0.55557	0.790775	-0.256938


-0.55557	0.83147	0
-0.55557	0.790775	0.256938
-0.382683	0.892399	0.239118
-0.55557	0.83147	0


0.55557	0.790775	0.256938
0.55557	0.83147	0
0.382683	0.892399	0.239118
0.55557	0.790775	0.256938


-0.55557	0.790775	0.256938
-0.55557	0.672673	0.488726
-0.382683	0.800103	0.46194
-0.55557	0.790775	0.256938


0.55557	0.672673	0.488726
0.55557	0.790775	0.256938
0.382683	0.800103	0.46194
0.55557	0.672673	0.488726


-0.55557	0.672673	0.488726
-0.55557	0.488726	0.672673
-0.382683	0.653281	0.653281
-0.55557	0.672673	0.488726


0.55557	0.488726	0.672673
0.55557	0.672673	0.488726
0.382683	0.653281	0.653281
0.55557	0.488726	0.672673


-0.55557	0.488726	0.672673
-0.55557	0.256938	0.790775
-0.382683	0.46194	0.800103
-0.55557	0.488726	0.672673


0.55557	0.256938	0.790775
0.55557	0.488726	0.672673
0.382683	0.46194	0.800103
0.55557	0.256938	0.790775


-0.55557	0.256938	0.790775
-0.55557	5.09111e-17	0.83147
-0.382683	0.239118	0.892399
-0.55557	0.256938	0.790775


0.55557	5.09111e-17	0.83147
0.55557	0.256938	0.790775
0.382683	0.239118	0.892399
0.55557	5.09111e-17	0.83147


-0.55557	5.09111e-17	0.83147
-0.55557	-0.256938	0.790775
-0.382683	-0.239118	0.892399
-0.55557	5.09111e-17	0.83147


0.55557	-0.256938	0.790775
0.55557	5.09111e-17	0.83147
0.382683	-0.239118	0.892399
0.55557	-0.256938	0.790775


-0.55557	-0.256938	0.790775
-0.55557	-0.488726	0.672673
-0.382683	-0.46194	0.800103
-0.55557	-0.256938	0.790775


0.55557	-0.488726	0.672673
0.55557	-0.256938	0.790775
0.382683	-0.46194	0.800103
0.55557	-0.488726	0.672673


-0.55557	-0.488726	0.672673
-0.55557	-0.672673	0.488726
-0.382683	-0.653281	0.653281
-0.55557	-0.488726	0.672673


0.55557	-0.672673	0.488726
0.55557	-0.488726	0.672673
0.382683	-0.653281	0.653281
0.55557	-0.672673	0.488726


-0.55557	-0.672673	0.488726
-0.55557	-0.790775	0.256938
-0.382683	-0.800103	0.46194
-0.55557	-0.672673	0.488726


0.55557	-0.790775	0.256938
0.55557	-0.672673	0.488726
0.382683	-0.800103	0.46194
0.55557	-0.790775	0.256938


-0.55557	-0.790775	0.256938
-0.55557	-0.83147	1.01822e-16
-0.382683	-0.892399	0.239118
-0.55557	-0.790775	0.256938


0.55557	-0.83147	1.01822e-16
0.55557	-0.790775	0.256938
0.382683	-0.892399	0.239118
0.55557	-0.83147	1.01822e-16


-0.55557	-0.83147	1.01822e-16
-0.55557	-0.790775	-0.256938
-0.382683	-0.892399	-0.239118
-0.55557	-0.83147	1.01822e-16


0.55557	-0.790775	-0.256938
0.55557	-0.83147	1.01822e-16
0.382683	-0.892399	-0.239118
0.55557	-0.790775	-0.256938


-0.55557	-0.790775	-0.256938
-0.55557	-0.672673	-0.488726
-0.382683	-0.800103	-0.46194
-0.55557	-0.790775	-0.256938


0.55557	-0.672673	-0.488726
0.55557	-0.790775	-0.256938
0.382683	-0.800103	-0.46194
0.55557	-0.672673	-0.488726


-0.55557	-0.672673	-0.488726
-0.55557	-0.488726	-0.672673
-0.382683	-0.653281	-0.653281
-0.55557	-0.672673	-0.488726


0.55557	-0.488726	-0.672673
0.55557	-0.672673	-0.488726
0.382683	-0.653281	-0.653281
0.55557	-0.488726	-0.672673


-0.55557	-0.488726	-0.672673
-0.55557	-0.256938	-0.790775
-0.382683	-0.46194	-0.800103
-0.55557	-0.488726	-0.672673


0.55557	-0.256938	-0.790775
0.55557	-0.488726	-0.672673
0.382683	-0.46194	-0.800103
0.55557	-0.256938	-0.790775


-0.55557	-0.256938	-0.790775
-0.55557	-1.52733e-16	-0.83147
-0.382683	-0.239118	-0.892399
-0.55557	-0.256938	-0.790775


0.55557	-1.52733e-16	-0.83147
0.55557	-0.256938	-0.790775
0.382683	-0.239118	-0.892399
0.55557	-1.52733e-16	-0.83147


-0.55557	-1.52733e-16	-0.83147
-0.55557	0.256938	-0.790775
-0.382683	0.239118	-0.892399
-0.55557	-1.52733e-16	-0.83147


0.55557	0.256938	-0.790775
0.55557	-1.52733e-16	-0.83147
0.382683	0.239118	-0.892399
0.55557	0.256938	-0.790775


-0.55557	0.256938	-0.790775
-0.55557	0.488726	-0.672673
-0.382683	0.46194	-0.800103
-0.55557	0.256938	-0.790775


0.55557	0.488726	-0.672673
0.55557	0.256938	-0.790775
0.382683	0.46194	-0.800103
0.55557	0.488726	-0.672673


-0.55557	0.488726	-0.672673
-0.55557	0.672673	-0.488726
-0.382683	0.653281	-0.653281
-0.55557	0.488726	-0.672673


0.55557	0.672673	-0.488726
0.55557	0.488726	-0.672673
0.382683	0.653281	-0.653281
0.55557	0.672673	-0.488726


-0.55557	0.672673	-0.488726
-0.55557	0.790775	-0.256938
-0.382683	0.800103	-0.46194
-0.55557	0.672673	-0.488726


0.55557	0.790775	-0.256938
0.55557	0.672673	-0.488726
0.382683	0.800103	-0.46194
0.55557	0.790775	-0.256938


-0.55557	0.790775	-0.256938
-0.55557	0.83147	0
-0.382683	0.892399	-0.239118
-0.55557	0.790775	-0.256938


0.55557	0.83147	0
0.55557	0.790775	-0.256938
0.382683	0.892399	-0.239118
0.55557	0.83147	0


-0.382683	0.892399	0.239118
-0.382683	0.92388	0
-0.55557	0.83147	0
-0.382683	0.892399	0.239118


0.382683	0.92388	0
0.382683	0.892399	0.239118
0.55557	0.83147	0
0.382683	0.92388	0


-0.382683	0.800103	0.46194
-0.382683	0.892399	0.239118
-0.55557	0.790775	0.256938
-0.382683	0.800103	0.46194


0.382683	0.892399	0.239118
0.382683	0.800103	0.46194
0.55557	0.790775	0.256938
0.382683	0.892399	0.239118


-0.382683	0.653281	0.653281
-0.382683	0.800103	0.46194
-0.55557	0.672673	0.488726
-0.382683	0.653281	0.653281


0.382683	0.800103	0.46194
0.382683	0.653281	0.653281
0.55557	0.672673	0.488726
0.382683	0.800103	0.46194


-0.382683	0.46194	0.800103
-0.382683	0.653281	0.653281
-0.55557	0.488726	0.672673
-0.382683	0.46194	0.800103


0.382683	0.653281	0.653281
0.382683	0.46194	0.800103
0.55557	0.488726	0.672673
0.382683	0.653281	0.653281


-0.382683	0.239118	0.892399
-0.382683	0.46194	0.800103
-0.55557	0.256938	0.790775
-0.382683	0.239118	0.892399


0.382683	0.46194	0.800103
0.382683	0.239118	0.892399
0.55557	0.256938	0.790775
0.382683	0.46194	0.800103


-0.382683	5.65694e-17	0.92388
-0.382683	0.239118	0.892399
-0.55557	5.09111e-17	0.83147
-0.382683	5.65694e-17	0.92388


0.382683	0.239118	0.892399
0.382683	5.65694e-17	0.92388
0.55557	5.09111e-17	0.83147
0.382683	0.239118	0.892399


-0.382683	-0.239118	0.892399
-0.382683	5.65694e-17	0.92388
-0.55557	5.09111e-17	0.83147
-0.382683	-0.239118	0.892399


0.382683	5.65694e-17	0.92388
0.382683	-0.239118	0.892399
0.55557	5.09111e-17	0.83147
0.382683	5.65694e-17	0.92388


-0.382683	-0.46194	0.800103
-0.382683	-0.239118	0.892399
-0.55557	-0.256938	0.790775
-0.382683	-0.46194	0.800103


0.382683	-0.239118	0.892399
0.382683	-0.46194	0.800103
0.55557	-0.256938	0.790775
0.382683	-0.239118	0.892399


-0.382683	-0.653281	0.653281
-0.382683	-0.46194	0.800103
-0.55557	-0.488726	0.672673
-0.382683	-0.653281	0.653281


0.382683	-0.46194	0.800103
0.382683	-0.653281	0.653281
0.55557	-0.488726	0.672673
0.382683	-0.46194	0.800103


-0.382683	-0.800103	0.46194
-0.382683	-0.653281	0.653281
-0.55557	-0.672673	0.488726
-0.382683	-0.800103	0.46194


0.382683	-0.653281	0.653281
0.382683	-0.800103	0.46194
0.55557	-0.672673	0.488726
0.382683	-0.653281	0.653281


-0.382683	-0.892399	0.239118
-0.382683	-0.800103	0.46194
-0.55557	-0.790775	0.256938
-0.382683	-0.892399	0.239118


0.382683	-0.800103	0.46194
0.382683	-0.892399	0.239118
0.55557	-0.790775	0.256938
0.382683	-0.800103	0.46194


-0.382683	-0.92388	1.13139e-16
-0.382683	-0.892399	0.239118
-0.55557	-0.83147	1.01822e-16
-0.382683	-0.92388	1.13139e-16


0.382683	-0.892399	0.239118
0.382683	-0.92388	1.13139e-16
0.55557	-0.83147	1.01822e-16
0.382683	-0.892399	0.239118


-0.382683	-0.892399	-0.239118
-0.382683	-0.92388	1.13139e-16
-0.55557	-0.83147	1.01822e-16
-0.382683	-0.892399	-0.239118


0.382683	-0.92388	1.13139e-16
0.382683	-0.892399	-0.239118
0.55557	-0.83147	1.01822e-16
0.382683	-0.92388	1.13139e-16


-0.382683	-0.800103	-0.46194
-0.382683	-0.892399	-0.239118
-0.55557	-0.790775	-0.256938
-0.382683	-0.800103	-0.46194


0.382683	-0.892399	-0.239118
0.382683	-0.800103	-0.46194
0.55557	-0.790775	-0.256938
0.382683	-0.892399	-0.239118


-0.382683	-0.653281	-0.653281
-0.382683	-0.800103	-0.46194
-0.55557	-0.672673	-0.488726
-0.382683	-0.653281	-0.653281


0.382683	-0.800103	-0.46194
0.382683	-0.653281	-0.653281
0.55557	-0.672673	-0.488726
0.382683	-0.800103	-0.46194


-0.382683	-0.46194	-0.800103
-0.382683	-0.653281	-0.653281
-0.55557	-0.488726	-0.672673
-0.382683	-0.46194	-0.800103


0.382683	-0.653281	-0.653281
0.382683	-0.46194	-0.800103
0.55557	-0.488726	-0.672673
0.382683	-0.653281	-0.653281


-0.382683	-0.239118	-0.892399
-0.382683	-0.46194	-0.800103
-0.55557	-0.256938	-0.790775
-0.382683	-0.239118	-0.892399


0.382683	-0.46194	-0.800103
0.382683	-0.239118	-0.892399
0.55557	-0.256938	-0.790775
0.382683	-0.46194	-0.800103


-0.382683	-1.69708e-16	-0.92388
-0.382683	-0.239118	-0.892399
-0.55557	-1.52733e-16	-0.83147
-0.382683	-1.69708e-16	-0.92388


0.382683	-0.239118	-0.892399
0.382683	-1.69708e-16	-0.92388
0.55557	-1.52733e-16	-0.83147
0.382683	-0.239118	-0.892399


-0.382683	0.239118	-0.892399
-0.382683	-1.69708e-16	-0.92388
-0.55557	-1.52733e-16	-0.83147
-0.382683	0.239118	-0.892399


0.382683	-1.69708e-16	-0.92388
0.382683	0.239118	-0.892399
0.55557	-1.52733e-16	-0.83147
0.382683	-1.69708e-16	-0.92388


-0.382683	0.46194	-0.800103
-0.382683	0.239118	-0.892399
-0.55557	0.256938	-0.790775
-0.382683	0.46194	-0.800103


0.382683	0.239118	-0.892399
0.382683	0.46194	-0.800103
0.55557	0.256938	-0.790775
0.382683	0.239118	-0.892399


-0.382683	0.653281	-0.653281
-0.382683	0.46194	-0.800103
-0.55557	0.488726	-0.672673
-0.382683	0.653281	-0.653281


0.382683	0.46194	-0.800103
0.382683	0.653281	-0.653281
0.55557	0.488726	-0.672673
0.382683	0.46194	-0.800103


-0.382683	0.800103	-0.46194
-0.382683	0.653281	-0.653281
-0.55557	0.672673	-0.488726
-0.382683	0.800103	-0.46194


0.382683	0.653281	-0.653281
0.382683	0.800103	-0.46194
0.55557	0.672673	-0.488726
0.382683	0.653281	-0.653281


-0.382683	0.892399	-0.239118
-0.382683	0.800103	-0.46194
-0.55557	0.790775	-0.256938
-0.382683	0.892399	-0.239118


0.382683	0.800103	-0.46194
0.382683	0.892399	-0.239118
0.55557	0.790775	-0.256938
0.382683	0.800103	-0.46194


-0.382683	0.92388	0
-0.382683	0.892399	-0.239118
-0.55557	0.83147	0
-0.382683	0.92388	0


0.382683	0.892399	-0.239118
0.382683	0.92388	0
0.55557	0.83147	0
0.382683	0.892399	-0.239118


-0.382683	0.92388	0
-0.382683	0.892399	0.239118
-0.19509	0.956195	0.218245
-0.382683	0.92388	0


0.382683	0.892399	0.239118
0.382683	0.92388	0
0.19509	0.956195	0.218245
0.382683	0.892399	0.239118


-0.382683	0.892399	0.239118
-0.382683	0.800103	0.46194
-0.19509	0.883657	0.425547
-0.382683	0.892399	0.239118


0.382683	0.800103	0.46194
0.382683	0.892399	0.239118
0.19509	0.883657	0.425547
0.382683	0.800103	0.46194


-0.382683	0.800103	0.46194
-0.382683	0.653281	0.653281
-0.19509	0.766809	0.61151
-0.382683	0.800103	0.46194


0.382683	0.653281	0.653281
0.382683	0.800103	0.46194
0.19509	0.766809	0.61151
0.382683	0.653281	0.653281


-0.382683	0.653281	0.653281
-0.382683	0.46194	0.800103
-0.19509	0.61151	0.766809
-0.382683	0.653281	0.653281


0.382683	0.46194	0.800103
0.382683	0.653281	0.653281
0.19509	0.61151	0.766809
0.382683	0.46194	0.800103


-0.382683	0.46194	0.800103
-0.382683	0.239118	0.892399
-0.19509	0.425547	0.883657
-0.382683	0.46194	0.800103


0.382683	0.239118	0.892399
0.382683	0.46194	0.800103
0.19509	0.425547	0.883657
0.382683	0.239118	0.892399


-0.382683	0.239118	0.892399
-0.382683	5.65694e-17	0.92388
-0.19509	0.218245	0.956195
-0.382683	0.239118	0.892399


0.382683	5.65694e-17	0.92388
0.382683	0.239118	0.892399
0.19509	0.218245	0.956195
0.382683	5.65694e-17	0.92388


-0.382683	5.65694e-17	0.92388
-0.382683	-0.239118	0.892399
-0.19509	-0.218245	0.956195
-0.382683	5.65694e-17	0.92388


0.382683	-0.239118	0.892399
0.382683	5.65694e-17	0.92388
0.19509	-0.218245	0.956195
0.382683	-0.239118	0.892399


-0.382683	-0.239118	0.892399
-0.382683	-0.46194	0.800103
-0.19509	-0.425547	0.883657
-0.382683	-0.239118	0.892399


0.382683	-0.46194	0.800103
0.382683	-0.239118	0.892399
0.19509	-0.425547	0.883657
0.382683	-0.46194	0.800103


-0.382683	-0.46194	0.800103
-0.382683	-0.653281	0.653281
-0.19509	-0.61151	0.766809
-0.382683	-0.46194	0.800103


0.382683	-0.653281	0.653281
0.382683	-0.46194	0.800103
0.19509	-0.61151	0.766809
0.382683	-0.653281	0.653281


-0.382683	-0.653281	0.653281
-0.382683	-0.800103	0.46194
-0.19509	-0.766809	0.61151
-0.382683	-0.653281	0.653281


0.382683	-0.800103	0.46194
0.382683	-0.653281	0.653281
0.19509	-0.766809	0.61151
0.382683	-0.800103	0.46194


-0.382683	-0.800103	0.46194
-0.382683	-0.892399	0.239118
-0.19509	-0.883657	0.425547
-0.382683	-0.800103	0.46194


0.382683	-0.892399	0.239118
0.382683	-0.800103	0.46194
0.19509	-0.883657	0.425547
0.382683	-0.892399	0.239118


-0.382683	-0.892399	0.239118
-0.382683	-0.92388	1.13139e-16
-0.19509	-0.956195	0.218245
-0.382683	-0.892399	0.239118


0.382683	-0.92388	1.13139e-16
0.382683	-0.892399	0.239118
0.19509	-0.956195	0.218245
0.382683	-0.92388	1.13139e-16


-0.382683	-0.92388	1.13139e-16
-0.382683	-0.892399	-0.239118
-0.19509	-0.956195	-0.218245
-0.382683	-0.92388	1.13139e-16


0.382683	-0.892399	-0.239118
0.382683	-0.92388	1.13139e-16
0.19509	-0.956195	-0.218245
0.382683	-0.892399	-0.239118


-0.382683	-0.892399	-0.239118
-0.382683	-0.800103	-0.46194
-0.19509	-0.883657	-0.425547
-0.382683	-0.892399	-0.239118


0.382683	-0.800103	-0.46194
0.382683	-0.892399	-0.239118
0.19509	-0.883657	-0.425547
0.382683	-0.800103	-0.46194


-0.382683	-0.800103	-0.46194
-0.382683	-0.653281	-0.653281
-0.19509	-0.766809	-0.61151
-0.382683	-0.800103	-0.46194


0.382683	-0.653281	-0.653281
0.382683	-0.800103	-0.46194
0.19509	-0.766809	-0.61151
0.382683	-0.653281	-0.653281


-0.382683	-0.653281	-0.653281
-0.382683	-0.46194	-0.800103
-0.19509	-0.61151	-0.766809
-0.382683	-0.653281	-0.653281


0.382683	-0.46194	-0.800103
0.382683	-0.653281	-0.653281
0.19509	-0.61151	-0.766809
0.382683	-0.46194	-0.800103


-0.382683	-0.46194	-0.800103
-0.382683	-0.239118	-0.892399
-0.19509	-0.425547	-0.883657
-0.382683	-0.46194	-0.800103


0.382683	-0.239118	-0.892399
0.382683	-0.46194	-0.800103
0.19509	-0.425547	-0.883657
0.382683	-0.239118	-0.892399


-0.382683	-0.239118	-0.892399
-0.382683	-1.69708e-16	-0.92388
-0.19509	-0.218245	-0.956195
-0.382683	-0.239118	-0.892399


0.382683	-1.69708e-16	-0.92388
0.382683	-0.239118	-0.892399
0.19509	-0.218245	-0.956195
0.382683	-1.69708e-16	-0.92388


-0.382683	-1.69708e-16	-0.92388
-0.382683	0.239118	-0.892399
-0.19509	0.218245	-0.956195
-0.382683	-1.69708e-16	-0.92388


0.382683	0.239118	-0.892399
0.382683	-1.69708e-16	-0.92388
0.19509	0.218245	-0.956195
0.382683	0.239118	-0.892399


-0.382683	0.239118	-0.892399
-0.382683	0.46194	-0.800103
-0.19509	0.425547	-0.883657
-0.382683	0.239118	-0.892399


0.382683	0.46194	-0.800103
0.382683	0.239118	-0.892399
0.19509	0.425547	-0.883657
0.382683	0.46194	-0.800103


-0.382683	0.46194	-0.800103
-0.382683	0.653281	-0.653281
-0.19509	0.61151	-0.766809
-0.382683	0.46194	-0.800103


0.382683	0.653281	-0.653281
0.382683	0.46194	-0.800103
0.19509	0.61151	-0.766809
0.382683	0.653281	-0.653281


-0.382683	0.653281	-0.653281
-0.382683	0.800103	-0.46194
-0.19509	0.766809	-0.61151
-0.382683	0.653281	-0.653281


0.382683	0.800103	-0.46194
0.382683	0.653281	-0.653281
0.19509	0.766809	-0.61151
0.382683	0.800103	-0.46194


-0.382683	0.800103	-0.46194
-0.382683	0.892399	-0.239118
-0.19509	0.883657	-0.425547
-0.382683	0.800103	-0.46194


0.382683	0.892399	-0.239118
0.382683	0.800103	-0.46194
0.19509	0.883657	-0.425547
0.382683	0.892399	-0.239118


-0.382683	0.892399	-0.239118
-0.382683	0.92388	0
-0.19509	0.956195	-0.218245
-0.382683	0.892399	-0.239118


0.382683	0.92388	0
0.382683	0.892399	-0.239118
0.19509	0.956195	-0.218245
0.382683	0.92388	0


-0.19509	0.956195	0.218245
-0.19509	0.980785	0
-0.382683	0.92388	0
-0.19509	0.956195	0.218245


0.19509	0.980785	0
0.19509	0.956195	0.218245
0.382683	0.92388	0
0.19509	0.980785	0


-0.19509	0.883657	0.425547
-0.19509	0.956195	0.218245
-0.382683	0.892399	0.239118
-0.19509	0.883657	0.425547


0.19509	0.956195	0.218245
0.19509	0.883657	0.425547
0.382683	0.892399	0.239118
0.19509	0.956195	0.218245


-0.19509	0.766809	0.61151
-0.19509	0.883657	0.425547
-0.382683	0.800103	0.46194
-0.19509	0.766809	0.61151


0.19509	0.883657	0.425547
0.19509	0.766809	0.61151
0.382683	0.800103	0.46194
0.19509	0.883657	0.425547


-0.19509	0.61151	0.766809
-0.19509	0.766809	0.61151
-0.382683	0.653281	0.653281
-0.19509	0.61151	0.766809


0.19509	0.766809	0.61151
0.19509	0.61151	0.766809
0.382683	0.653281	0.653281
0.19509	0.766809	0.61151


-0.19509	0.425547	0.883657
-0.19509	0.61151	0.766809
-0.382683	0.46194	0.800103
-0.19509	0.425547	0.883657


0.19509	0.61151	0.766809
0.19509	0.425547	0.883657
0.382683	0.46194	0.800103
0.19509	0.61151	0.766809


-0.19509	0.218245	0.956195
-0.19509	0.425547	0.883657
-0.382683	0.239118	0.892399
-0.19509	0.218245	0.956195


0.19509	0.425547	0.883657
0.19509	0.218245	0.956195
0.382683	0.239118	0.892399
0.19509	0.425547	0.883657


-0.19509	6.00538e-17	0.980785
-0.19509	0.218245	0.956195
-0.382683	5.65694e-17	0.92388
-0.19509	6.00538e-17	0.980785


0.19509	0.218245	0.956195
0.19509	6.00538e-17	0.980785
0.382683	5.65694e-17	0.92388
0.19509	0.218245	0.956195


-0.19509	-0.218245	0.956195
-0.19509	6.00538e-17	0.980785
-0.382683	5.65694e-17	0.92388
-0.19509	-0.218245	0.956195


0.19509	6.00538e-17	0.980785
0.19509	-0.218245	0.956195
0.382683	5.65694e-17	0.92388
0.19509	6.00538e-17	0.980785


-0.19509	-0.425547	0.883657
-0.19509	-0.218245	0.956195
-0.382683	-0.239118	0.892399
-0.19509	-0.425547	0.883657


0.19509	-0.218245	0.956195
0.19509	-0.425547	0.883657
0.382683	-0.239118	0.892399
0.19509	-0.218245	0.956195


-0.19509	-0.61151	0.766809
-0.19509	-0.425547	0.883657
-0.382683	-0.46194	0.800103
-0.19509	-0.61151	0.766809


0.19509	-0.425547	0.883657
0.19509	-0.61151	0.766809
0.382683	-0.46194	0.800103
0.19509	-0.425547	0.883657


-0.19509	-0.766809	0.61151
-0.19509	-0.61151	0.766809
-0.382683	-0.653281	0.653281
-0.19509	-0.766809	0.61151


0.19509	-0.61151	0.766809
0.19509	-0.766809	0.61151
0.382683	-0.653281	0.653281
0.19509	-0.61151	0.766809


-0.19509	-0.883657	0.425547
-0.19509	-0.766809	0.61151
-0.382683	-0.800103	0.46194
-0.19509	-0.883657	0.425547


0.19509	-0.766809	0.61151
0.19509	-0.883657	0.425547
0.382683	-0.800103	0.46194
0.19509	-0.766809	0.61151


-0.19509	-0.956195	0.218245
-0.19509	-0.883657	0.425547
-0.382683	-0.892399	0.239118
-0.19509	-0.956195	0.218245


0.19509	-0.883657	0.425547
0.19509	-0.956195	0.218245
0.382683	-0.892399	0.239118
0.19509	-0.883657	0.425547


-0.19509	-0.980785	1.20108e-16
-0.19509	-0.956195	0.218245
-0.382683	-0.92388	1.13139e-16
-0.19509	-0.980785	1.20108e-16


0.19509	-0.956195	0.218245
0.19509	-0.980785	1.20108e-16
0.382683	-0.92388	1.13139e-16
0.19509	-0.956195	0.218245


-0.19509	-0.956195	-0.218245
-0.19509	-0.980785	1.20108e-16
-0.382683	-0.92388	1.13139e-16
-0.19509	-0.956195	-0.218245


0.19509	-0.980785	1.20108e-16
0.19509	-0.956195	-0.218245
0.382683	-0.92388	1.13139e-16
0.19509	-0.980785	1.20108e-16


-0.19509	-0.883657	-0.425547
-0.19509	-0.956195	-0.218245
-0.382683	-0.892399	-0.239118
-0.19509	-0.883657	-0.425547


0.19509	-0.956195	-0.218245
0.19509	-0.883657	-0.425547
0.382683	-0.892399	-0.239118
0.19509	-0.956195	-0.218245


-0.19509	-0.766809	-0.61151
-0.19509	-0.883657	-0.425547
-0.382683	-0.800103	-0.46194
-0.19509	-0.766809	-0.61151


0.19509	-0.883657	-0.425547
0.19509	-0.766809	-0.61151
0.382683	-0.800103	-0.46194
0.19509	-0.883657	-0.425547


-0.19509	-0.61151	-0.766809
-0.19509	-0.766809	-0.61151
-0.382683	-0.653281	-0.653281
-0.19509	-0.61151	-0.766809


0.19509	-0.766809	-0.61151
0.19509	-0.61151	-0.766809
0.382683	-0.653281	-0.653281
0.19509	-0.766809	-0.61151


-0.19509	-0.425547	-0.883657
-0.19509	-0.61151	-0.766809
-0.382683	-0.46194	-0.800103
-0.19509	-0.425547	-0.883657


0.19509	-0.61151	-0.766809
0.19509	-0.425547	-0.883657
0.382683	-0.46194	-0.800103
0.19509	-0.61151	-0.766809


-0.19509	-0.218245	-0.956195
-0.19509	-0.425547	-0.883657
-0.382683	-0.239118	-0.892399
-0.19509	-0.218245	-0.956195


0.19509	-0.425547	-0.883657
0.19509	-0.218245	-0.956195
0.382683	-0.239118	-0.892399
0.19509	-0.425547	-0.883657


-0.19509	-1.80161e-16	-0.980785
-0.19509	-0.218245	-0.956195
-0.382683	-1.69708e-16	-0.92388
-0.19509	-1.80161e-16	-0.980785


0.19509	-0.218245	-0.956195
0.19509	-1.80161e-16	-0.980785
0.382683	-1.69708e-16	-0.92388
0.19509	-0.218245	-0.956195


-0.19509	0.218245	-0.956195
-0.19509	-1.80161e-16	-0.980785
-0.382683	-1.69708e-16	-0.92388
-0.19509	0.218245	-0.956195


0.19509	-1.80161e-16	-0.980785
0.19509	0.218245	-0.956195
0.382683	-1.69708e-16	-0.92388
0.19509	-1.80161e-16	-0.980785


-0.19509	0.425547	-0.883657
-0.19509	0.218245	-0.956195
-0.382683	0.239118	-0.892399
-0.19509	0.425547	-0.883657


0.19509	0.218245	-0.956195
0.19509	0.425547	-0.883657
0.382683	0.239118	-0.892399
0.19509	0.218245	-0.956195


-0.19509	0.61151	-0.766809
-0.19509	0.425547	-0.883657
-0.382683	0.46194	-0.800103
-0.19509	0.61151	-0.766809


0.19509	0.425547	-0.883657
0.19509	0.61151	-0.766809
0.382683	0.46194	-0.800103
0.19509	0.425547	-0.883657


-0.19509	0.766809	-0.61151
-0.19509	0.61151	-0.766809
-0.382683	0.653281	-0.653281
-0.19509	0.766809	-0.61151


0.19509	0.61151	-0.766809
0.19509	0.766809	-0.61151
0.382683	0.653281	-0.653281
0.19509	0.61151	-0.766809


-0.19509	0.883657	-0.425547
-0.19509	0.766809	-0.61151
-0.382683	0.800103	-0.46194
-0.19509	0.883657	-0.425547


0.19509	0.766809	-0.61151
0.19509	0.883657	-0.425547
0.382683	0.800103	-0.46194
0.19509	0.766809	-0.61151


-0.19509	0.956195	-0.218245
-0.19509	0.883657	-0.425547
-0.382683	0.892399	-0.239118
-0.19509	0.956195	-0.218245


0.19509	0.883657	-0.425547
0.19509	0.956195	-0.218245
0.382683	0.892399	-0.239118
0.19509	0.883657	-0.425547


-0.19509	0.980785	0
-0.19509	0.956195	-0.218245
-0.382683	0.92388	0
-0.19509	0.980785	0


0.19509	0.956195	-0.218245
0.19509	0.980785	0
0.382683	0.92388	0
0.19509	0.956195	-0.218245


-0.19509	0.980785	0
-0.19509	0.956195	0.218245
-6.12303e-17	0.980785	0.19509
-0.19509	0.980785	0


0.19509	0.956195	0.218245
0.19509	0.980785	0
-6.12303e-17	0.980785	0.19509
0.19509	0.956195	0.218245


-0.19509	0.956195	0.218245
-0.19509	0.883657	0.425547
-6.12303e-17	0.92388	0.382683
-0.19509	0.956195	0.218245


0.19509	0.883657	0.425547
0.19509	0.956195	0.218245
-6.12303e-17	0.92388	0.382683
0.19509	0.883657	0.425547


-0.19509	0.883657	0.425547
-0.19509	0.766809	0.61151
-6.12303e-17	0.83147	0.55557
-0.19509	0.883657	0.425547


0.19509	0.766809	0.61151
0.19509	0.883657	0.425547
-6.12303e-17	0.83147	0.55557
0.19509	0.766809	0.61151


-0.19509	0.766809	0.61151
-0.19509	0.61151	0.766809
-6.12303e-17	0.707107	0.707107
-0.19509	0.766809	0.61151


0.19509	0.61151	0.766809
0.19509	0.766809	0.61151
-6.12303e-17	0.707107	0.707107
0.19509	0.61151	0.766809


-0.19509	0.61151	0.766809
-0.19509	0.425547	0.883657
-6.12303e-17	0.55557	0.83147
-0.19509	0.61151	0.766809


0.19509	0.425547	0.883657
0.19509	0.61151	0.766809
-6.12303e-17	0.55557	0.83147
0.19509	0.425547	0.883657


-0.19509	0.425547	0.883657
-0.19509	0.218245	0.956195
-6.12303e-17	0.382683	0.92388
-0.19509	0.425547	0.883657


0.19509	0.218245	0.956195
0.19509	0.425547	0.883657
-6.12303e-17	0.382683	0.92388
0.19509	0.218245	0.956195


-0.19509	0.218245	0.956195
-0.19509	6.00538e-17	0.980785
-6.12303e-17	0.19509	0.980785
-0.19509	0.218245	0.956195


0.19509	6.00538e-17	0.980785
0.19509	0.218245	0.956195
-6.12303e-17	0.19509	0.980785
0.19509	6.00538e-17	0.980785


-0.19509	6.00538e-17	0.980785
-0.19509	-0.218245	0.956195
-6.12303e-17	-0.19509	0.980785
-0.19509	6.00538e-17	0.980785


0.19509	-0.218245	0.956195
0.19509	6.00538e-17	0.980785
-6.12303e-17	-0.19509	0.980785
0.19509	-0.218245	0.956195


-0.19509	-0.218245	0.956195
-0.19509	-0.425547	0.883657
-6.12303e-17	-0.382683	0.92388
-0.19509	-0.218245	0.956195


0.19509	-0.425547	0.883657
0.19509	-0.218245	0.956195
-6.12303e-17	-0.382683	0.92388
0.19509	-0.425547	0.883657


-0.19509	-0.425547	0.883657
-0.19509	-0.61151	0.766809
-6.12303e-17	-0.55557	0.83147
-0.19509	-0.425547	0.883657


0.19509	-0.61151	0.766809
0.19509	-0.425547	0.883657
-6.12303e-17	-0.55557	0.83147
0.19509	-0.61151	0.766809


-0.19509	-0.61151	0.766809
-0.19509	-0.766809	0.61151
-6.12303e-17	-0.707107	0.707107
-0.19509	-0.61151	0.766809


0.19509	-0.766809	0.61151
0.19509	-0.61151	0.766809
-6.12303e-17	-0.707107	0.707107
0.19509	-0.766809	0.61151


-0.19509	-0.766809	0.61151
-0.19509	-0.883657	0.425547
-6.12303e-17	-0.83147	0.55557
-0.19509	-0.766809	0.61151


0.19509	-0.883657	0.425547
0.19509	-0.766809	0.61151
-6.12303e-17	-0.83147	0.55557
0.19509	-0.883657	0.425547


-0.19509	-0.883657	0.425547
-0.19509	-0.956195	0.218245
-6.12303e-17	-0.92388	0.382683
-0.19509	-0.883657	0.425547


0.19509	-0.956195	0.218245
0.19509	-0.883657	0.425547
-6.12303e-17	-0.92388	0.382683
0.19509	-0.956195	0.218245


-0.19509	-0.956195	0.218245
-0.19509	-0.980785	1.20108e-16
-6.12303e-17	-0.980785	0.19509
-0.19509	-0.956195	0.218245


0.19509	-0.980785	1.20108e-16
0.19509	-0.956195	0.218245
-6.12303e-17	-0.980785	0.19509
0.19509	-0.980785	1.20108e-16


-0.19509	-0.980785	1.20108e-16
-0.19509	-0.956195	-0.218245
-6.12303e-17	-0.980785	-0.19509
-0.19509	-0.980785	1.20108e-16


0.19509	-0.956195	-0.218245
0.19509	-0.980785	1.20108e-16
-6.12303e-17	-0.980785	-0.19509
0.19509	-0.956195	-0.218245


-0.19509	-0.956195	-0.218245
-0.19509	-0.883657	-0.425547
-6.12303e-17	-0.92388	-0.382683
-0.19509	-0.956195	-0.218245


0.19509	-0.883657	-0.425547
0.19509	-0.956195	-0.218245
-6.12303e-17	-0.92388	-0.382683
0.19509	-0.883657	-0.425547


-0.19509	-0.883657	-0.425547
-0.19509	-0.766809	-0.61151
-6.12303e-17	-0.83147	-0.55557
-0.19509	-0.883657	-0.425547


0.19509	-0.766809	-0.61151
0.19509	-0.883657	-0.425547
-6.12303e-17	-0.83147	-0.55557
0.19509	-0.766809	-0.61151


-0.19509	-0.766809	-0.61151
-0.19509	-0.61151	-0.766809
-6.12303e-17	-0.707107	-0.707107
-0.19509	-0.766809	-0.61151


0.19509	-0.61151	-0.766809
0.19509	-0.766809	-0.61151
-6.12303e-17	-0.707107	-0.707107
0.19509	-0.61151	-0.766809


-0.19509	-0.61151	-0.766809
-0.19509	-0.425547	-0.883657
-6.12303e-17	-0.55557	-0.83147
-0.19509	-0.61151	-0.766809


0.19509	-0.425547	-0.883657
0.19509	-0.61151	-0.766809
-6.12303e-17	-0.55557	-0.83147
0.19509	-0.425547	-0.883657


-0.19509	-0.425547	-0.883657
-0.19509	-0.218245	-0.956195
-6.12303e-17	-0.382683	-0.92388
-0.19509	-0.425547	-0.883657


0.19509	-0.218245	-0.956195
0.19509	-0.425547	-0.883657
-6.12303e-17	-0.382683	-0.92388
0.19509	-0.218245	-0.956195


-0.19509	-0.218245	-0.956195
-0.19509	-1.80161e-16	-0.980785
-6.12303e-17	-0.19509	-0.980785
-0.19509	-0.218245	-0.956195


0.19509	-1.80161e-16	-0.980785
0.19509	-0.218245	-0.956195
-6.12303e-17	-0.19509	-0.980785
0.19509	-1.80161e-16	-0.980785


-0.19509	-1.80161e-16	-0.980785
-0.19509	0.218245	-0.956195
-6.12303e-17	0.19509	-0.980785
-0.19509	-1.80161e-16	-0.980785


0.19509	0.218245	-0.956195
0.19509	-1.80161e-16	-0.980785
-6.12303e-17	0.19509	-0.980785
0.19509	0.218245	-0.956195


-0.19509	0.218245	-0.956195
-0.19509	0.425547	-0.883657
-6.12303e-17	0.382683	-0.92388
-0.19509	0.218245	-0.956195


0.19509	0.425547	-0.883657
0.19509	0.218245	-0.956195
-6.12303e-17	0.382683	-0.92388
0.19509	0.425547	-0.883657


-0.19509	0.425547	-0.883657
-0.19509	0.61151	-0.766809
-6.12303e-17	0.55557	-0.83147
-0.19509	0.425547	-0.883657


0.19509	0.61151	-0.766809
0.19509	0.425547	-0.883657
-6.12303e-17	0.55557	-0.83147
0.19509	0.61151	-0.766809


-0.19509	0.61151	-0.766809
-0.19509	0.766809	-0.61151
-6.12303e-17	0.707107	-0.707107
-0.19509	0.61151	-0.766809


0.19509	0.766809	-0.61151
0.19509	0.61151	-0.766809
-6.12303e-17	0.707107	-0.707107
0.19509	0.766809	-0.61151


-0.19509	0.766809	-0.61151
-0.19509	0.883657	-0.425547
-6.12303e-17	0.83147	-0.55557
-0.19509	0.766809	-0.61151


0.19509	0.883657	-0.425547
0.19509	0.766809	-0.61151
-6.12303e-17	0.83147	-0.55557
0.19509	0.883657	-0.425547


-0.19509	0.883657	-0.425547
-0.19509	0.956195	-0.218245
-6.12303e-17	0.92388	-0.382683
-0.19509	0.883657	-0.425547


0.19509	0.956195	-0.218245
0.19509	0.883657	-0.425547
-6.12303e-17	0.92388	-0.382683
0.19509	0.956195	-0.218245


-0.19509	0.956195	-0.218245
-0.19509	0.980785	0
-6.12303e-17	0.980785	-0.19509
-0.19509	0.956195	-0.218245


0.19509	0.980785	0
0.19509	0.956195	-0.218245
-6.12303e-17	0.980785	-0.19509
0.19509	0.980785	0


-6.12303e-17	0.980785	0.19509
-6.12303e-17	1	0
-0.19509	0.980785	0
-6.12303e-17	0.980785	0.19509


-6.12303e-17	1	0
-6.12303e-17	0.980785	0.19509
0.19509	0.980785	0
-6.12303e-17	1	0


-6.12303e-17	0.92388	0.382683
-6.12303e-17	0.980785	0.19509
-0.19509	0.956195	0.218245
-6.12303e-17	0.92388	0.382683


-6.12303e-17	0.980785	0.19509
-6.12303e-17	0.92388	0.382683
0.19509	0.956195	0.218245
-6.12303e-17	0.980785	0.19509


-6.12303e-17	0.83147	0.55557
-6.12303e-17	0.92388	0.382683
-0.19509	0.883657	0.425547
-6.12303e-17	0.83147	0.55557


-6.12303e-17	0.92388	0.382683
-6.12303e-17	0.83147	0.55557
0.19509	0.883657	0.425547
-6.12303e-17	0.92388	0.382683


-6.12303e-17	0.707107	0.707107
-6.12303e-17	0.83147	0.55557
-0.19509	0.766809	0.61151
-6.12303e-17	0.707107	0.707107


-6.12303e-17	0.83147	0.55557
-6.12303e-17	0.707107	0.707107
0.19509	0.766809	0.61151
-6.12303e-17	0.83147	0.55557


-6.12303e-17	0.55557	0.83147
-6.12303e-17	0.707107	0.707107
-0.19509	0.61151	0.766809
-6.12303e-17	0.55557	0.83147


-6.12303e-17	0.707107	0.707107
-6.12303e-17	0.55557	0.83147
0.19509	0.61151	0.766809
-6.12303e-17	0.707107	0.707107


-6.12303e-17	0.382683	0.92388
-6.12303e-17	0.55557	0.83147
-0.19509	0.425547	0.883657
-6.12303e-17	0.382683	0.92388


-6.12303e-17	0.55557	0.83147
-6.12303e-17	0.382683	0.92388
0.19509	0.425547	0.883657
-6.12303e-17	0.55557	0.83147


-6.12303e-17	0.19509	0.980785
-6.12303e-17	0.382683	0.92388
-0.19509	0.218245	0.956195
-6.12303e-17	0.19509	0.980785


-6.12303e-17	0.382683	0.92388
-6.12303e-17	0.19509	0.980785
0.19509	0.218245	0.956195
-6.12303e-17	0.382683	0.92388


-6.12303e-17	6.12303e-17	1
-6.12303e-17	0.19509	0.980785
-0.19509	6.00538e-17	0.980785
-6.12303e-17	6.12303e-17	1


-6.12303e-17	0.19509	0.980785
-6.12303e-17	6.12303e-17	1
0.19509	6.00538e-17	0.980785
-6.12303e-17	0.19509	0.980785


-6.12303e-17	-0.19509	0.980785
-6.12303e-17	6.12303e-17	1
-0.19509	6.00538e-17	0.980785
-6.12303e-17	-0.19509	0.980785


-6.12303e-17	6.12303e-17	1
-6.12303e-17	-0.19509	0.980785
0.19509	6.00538e-17	0.980785
-6.12303e-17	6.12303e-17	1


-6.12303e-17	-0.382683	0.92388
-6.12303e-17	-0.19509	0.980785
-0.19509	-0.218245	0.956195
-6.12303e-17	-0.382683	0.92388


-6.12303e-17	-0.19509	0.980785
-6.12303e-17	-0.382683	0.92388
0.19509	-0.218245	0.956195
-6.12303e-17	-0.19509	0.980785


-6.12303e-17	-0.55557	0.83147
-6.12303e-17	-0.382683	0.92388
-0.19509	-0.425547	0.883657
-6.12303e-17	-0.55557	0.83147


-6.12303e-17	-0.382683	0.92388
-6.12303e-17	-0.55557	0.83147
0.19509	-0.425547	0.883657
-6.12303e-17	-0.382683	0.92388


-6.12303e-17	-0.707107	0.707107
-6.12303e-17	-0.55557	0.83147
-0.19509	-0.61151	0.766809
-6.12303e-17	-0.707107	0.707107


-6.12303e-17	-0.55557	0.83147
-6.12303e-17	-0.707107	0.707107
0.19509	-0.61151	0.766809
-6.12303e-17	-0.55557	0.83147


-6.12303e-17	-0.83147	0.55557
-6.12303e-17	-0.707107	0.707107
-0.19509	-0.766809	0.61151
-6.12303e-17	-0.83147	0.55557


-6.12303e-17	-0.707107	0.707107
-6.12303e-17	-0.83147	0.55557
0.19509	-0.766809	0.61151
-6.12303e-17	-0.707107	0.707107


-6.12303e-17	-0.92388	0.382683
-6.12303e-17	-0.83147	0.55557
-0.19509	-0.883657	0.425547
-6.12303e-17	-0.92388	0.382683


-6.12303e-17	-0.83147	0.55557
-6.12303e-17	-0.92388	0.382683
0.19509	-0.883657	0.425547
-6.12303e-17	-0.83147	0.55557


-6.12303e-17	-0.980785	0.19509
-6.12303e-17	-0.92388	0.382683
-0.19509	-0.956195	0.218245
-6.12303e-17	-0.980785	0.19509


-6.12303e-17	-0.92388	0.382683
-6.12303e-17	-0.980785	0.19509
0.19509	-0.956195	0.218245
-6.12303e-17	-0.92388	0.382683


-6.12303e-17	-1	1.22461e-16
-6.12303e-17	-0.980785	0.19509
-0.19509	-0.980785	1.20108e-16
-6.12303e-17	-1	1.22461e-16


-6.12303e-17	-0.980785	0.19509
-6.12303e-17	-1	1.22461e-16
0.19509	-0.980785	1.20108e-16
-6.12303e-17	-0.980785	0.19509


-6.12303e-17	-0.980785	-0.19509
-6.12303e-17	-1	1.22461e-16
-0.19509	-0.980785	1.20108e-16
-6.12303e-17	-0.980785	-0.19509


-6.12303e-17	-1	1.22461e-16
-6.12303e-17	-0.980785	-0.19509
0.19509	-0.980785	1.20108e-16
-6.12303e-17	-1	1.22461e-16


-6.12303e-17	-0.92388	-0.382683
-6.12303e-17	-0.980785	-0.19509
-0.19509	-0.956195	-0.218245
-6.12303e-17	-0.92388	-0.382683


-6.12303e-17	-0.980785	-0.19509
-6.12303e-17	-0.92388	-0.382683
0.19509	-0.956195	-0.218245
-6.12303e-17	-0.980785	-0.19509


-6.12303e-17	-0.83147	-0.55557
-6.12303e-17	-0.92388	-0.382683
-0.19509	-0.883657	-0.425547
-6.12303e-17	-0.83147	-0.55557


-6.12303e-17	-0.92388	-0.382683
-6.12303e-17	-0.83147	-0.55557
0.19509	-0.883657	-0.425547
-6.12303e-17	-0.92388	-0.382683


-6.12303e-17	-0.707107	-0.707107
-6.12303e-17	-0.83147	-0.55557
-0.19509	-0.766809	-0.61151
-6.12303e-17	-0.707107	-0.707107


-6.12303e-17	-0.83147	-0.55557
-6.12303e-17	-0.707107	-0.707107
0.19509	-0.766809	-0.61151
-6.12303e-17	-0.83147	-0.55557


-6.12303e-17	-0.55557	-0.83147
-6.12303e-17	-0.707107	-0.707107
-0.19509	-0.61151	-0.766809
-6.12303e-17	-0.55557	-0.83147


-6.12303e-17	-0.707107	-0.707107
-6.12303e-17	-0.55557	-0.83147
0.19509	-0.61151	-0.766809
-6.12303e-17	-0.707107	-0.707107


-6.12303e-17	-0.382683	-0.92388
-6.12303e-17	-0.55557	-0.83147
-0.19509	-0.425547	-0.883657
-6.12303e-17	-0.382683	-0.92388


-6.12303e-17	-0.55557	-0.83147
-6.12303e-17	-0.382683	-0.92388
0.19509	-0.425547	-0.883657
-6.12303e-17	-0.55557	-0.83147


-6.12303e-17	-0.19509	-0.980785
-6.12303e-17	-0.382683	-0.92388
-0.19509	-0.218245	-0.956195
-6.12303e-17	-0.19509	-0.980785


-6.12303e-17	-0.382683	-0.92388
-6.12303e-17	-0.19509	-0.980785
0.19509	-0.218245	-0.956195
-6.12303e-17	-0.382683	-0.92388


-6.12303e-17	-1.83691e-16	-1
-6.12303e-17	-0.19509	-0.980785
-0.19509	-1.80161e-16	-0.980785
-6.12303e-17	-1.83691e-16	-1


-6.12303e-17	-0.19509	-0.980785
-6.12303e-17	-1.83691e-16	-1
0.19509	-1.80161e-16	-0.980785
-6.12303e-17	-0.19509	-0.980785


-6.12303e-17	0.19509	-0.980785
-6.12303e-17	-1.83691e-16	-1
-0.19509	-1.80161e-16	-0.980785
-6.12303e-17	0.19509	-0.980785


-6.12303e-17	-1.83691e-16	-1
-6.12303e-17	0.19509	-0.980785
0.19509	-1.80161e-16	-0.980785
-6.12303e-17	-1.83691e-16	-1


-6.12303e-17	0.382683	-0.92388
-6.12303e-17	0.19509	-0.980785
-0.19509	0.218245	-0.956195
-6.12303e-17	0.382683	-0.92388


-6.12303e-17	0.19509	-0.980785
-6.12303e-17	0.382683	-0.92388
0.19509	0.218245	-0.956195
-6.12303e-17	0.19509	-0.980785


-6.12303e-17	0.55557	-0.83147
-6.12303e-17	0.382683	-0.92388
-0.19509	0.425547	-0.883657
-6.12303e-17	0.55557	-0.83147


-6.12303e-17	0.382683	-0.92388
-6.12303e-17	0.55557	-0.83147
0.19509	0.425547	-0.883657
-6.12303e-17	0.382683	-0.92388


-6.12303e-17	0.707107	-0.707107
-6.12303e-17	0.55557	-0.83147
-0.19509	0.61151	-0.766809
-6.12303e-17	0.707107	-0.707107


-6.12303e-17	0.55557	-0.83147
-6.12303e-17	0.707107	-0.707107
0.19509	0.61151	-0.766809
-6.12303e-17	0.55557	-0.83147


-6.12303e-17	0.83147	-0.55557
-6.12303e-17	0.707107	-0.707107
-0.19509	0.766809	-0.61151
-6.12303e-17	0.83147	-0.55557


-6.12303e-17	0.707107	-0.707107
-6.12303e-17	0.83147	-0.55557
0.19509	0.766809	-0.61151
-6.12303e-17	0.707107	-0.707107


-6.12303e-17	0.92388	-0.382683
-6.12303e-17	0.83147	-0.55557
-0.19509	0.883657	-0.425547
-6.12303e-17	0.92388	-0.382683


-6.12303e-17	0.83147	-0.55557
-6.12303e-17	0.92388	-0.382683
0.19509	0.883657	-0.425547
-6.12303e-17	0.83147	-0.55557


-6.12303e-17	0.980785	-0.19509
-6.12303e-17	0.92388	-0.382683
-0.19509	0.956195	-0.218245
-6.12303e-17	0.980785	-0.19509


-6.12303e-17	0.92388	-0.382683
-6.12303e-17	0.980785	-0.19509
0.19509	0.956195	-0.218245
-6.12303e-17	0.92388	-0.382683


-6.12303e-17	1	0
-6.12303e-17	0.980785	-0.19509
-0.19509	0.980785	0
-6.12303e-17	1	0


-6.12303e-17	0.980785	-0.19509
-6.12303e-17	1	0
0.19509	0.980785	0
-6.12303e-17	0.980785	-0.19509


