1448
0.382908
0.374657
0.402873
0.403771
0.387036
0.398266
0.376643
0.402197
0.408296
0.388784
0.398795
0.382019
0.376087
0.375573
0.377316
0.382014
0.384163
0.375468
0.379743
0.40508
0.367263
0.381177
0.403576
0.379613
0.405777
0.383922
0.397312
0.390153
0.374342
0.377087
0.385199
0.38634
0.372143
0.371234
0.369285
0.382061
0.370045
0.37721
0.393417
0.38001
0.390216
0.400019
0.395088
0.400465
0.403383
0.402909
0.33677
0.375134
0.403515
0.402992
0.401329
0.395499
0.396259
0.369071
0.373071
0.395485
0.367713
0.364829
0.351362
0.349129
0.323669
0.403
0.375635
0.398063
0.383701
0.398328
0.400474
0.400507
0.399126
0.392098
0.400206
0.40028
0.400094
0.399986
0.400016
0.370324
0.399991
0.399999
0.400859
0.400089
0.242439
0.403456
0.400433
0.399161
0.399708
0.363823
0.379569
0.399988
0.354452
0.319794
0.315269
0.25481
0.403411
0.380561
0.400489
0.400525
0.400237
0.398953
0.392072
0.400011
0.400152
0.39999
0.399988
0.400006
0.368649
0.37482
0.399999
0.399999
0.399984
0.4
0.401002
0.39935
0.399531
0.0804914
0.0937217
0.403423
0.399515
0.400136
0.400446
0.342186
0.366217
0.383942
0.212718
0.285499
0.403952
0.380204
0.400227
0.400222
0.400604
0.39912
0.394953
0.400006
0.399999
0.399988
0.399999
0.399989
0.399995
0.375342
0.4
0.4
0.4
0.4
0.399963
0.400797
0.4
0.238362
0.399932
0.399682
0.231978
0.401989
0.399826
0.400257
0.400132
0.363529
0.344241
0.374398
0.386583
0.29773
0.335713
0.403469
0.403675
0.379705
0.400089
0.400015
0.400396
0.400028
0.400319
0.397373
0.399984
0.399999
0.4
0.399995
0.4
0.399999
0.39999
0.4
0.4
0.4
0.4
0.400257
0.4
0.4
0.333335
0.353346
0.39986
0.39989
0.4
0.4
0.395701
0.400041
0.341579
0.373402
0.400971
0.399956
0.400116
0.370196
0.360898
0.383999
0.362621
0.361512
0.404146
0.402209
0.382121
0.399996
0.400037
0.400516
0.400078
0.399987
0.400378
0.399993
0.4
0.4
0.4
0.4
0.399997
0.4
0.4
0.4
0.400009
0.4
0.4
0.381024
0.375205
0.399969
0.399977
0.4
0.4
0.4
0.396014
0.40025
0.4
0.400047
0.369456
0.4
0.399986
0.400017
0.38135
0.374644
0.3805
0.400449
0.39999
0.400021
0.379315
0.368373
0.391541
0.373789
0.368639
0.404378
0.403267
0.401115
0.381616
0.399998
0.400398
0.399998
0.399997
0.399997
0.399999
0.4
0.4
0.4
0.4
0.4
0.4
0.4
0.399949
0.4
0.4
0.378971
0.399975
0.400024
0.4
0.4
0.4
0.4
0.399367
0.400257
0.400533
0.4
0.400015
0.376231
0.4
0.399997
0.399987
0.399998
0.399998
0.4
0.4
0.4
0.400001
0.400011
0.385204
0.394412
0.379422
0.400138
0.399999
0.389008
0.372748
0.379093
0.397347
0.38501
0.374789
0.404698
0.402973
0.400656
0.381681
0.40015
0.4
0.4
0.4
0.4
0.4
0.4
0.4
0.4
0.4
0.4
0.399954
0.4
0.391268
0.400013
0.400007
0.400006
0.4
0.400504
0.400571
0.4
0.4
0.399985
0.4
0.399999
0.399993
0.4
0.399999
0.4
0.4
0.4
0.4
0.4
0.384345
0.400889
0.390823
0.400003
0.40492
0.405046
0.379643
0.400018
0.391029
0.398764
0.384031
0.396379
0.403617
0.40502
0.401291
0.400163
0.381587
0.400104
0.4
0.4
0.4
0.4
0.4
0.4
0.4
0.4
0.4
0.399944
0.399994
0.4
0.4
0.400005
0.400009
0.4
0.400358
0.400701
0.4
0.4
0.399985
0.4
0.4
0.399996
0.4
0.4
0.4
0.4
0.4
0.4
0.4
0.405865
0.394235
0.397299
0.397152
0.398285
0.4
0.4
0.4
0.4
0.4
0.407574
0.404653
0.378852
0.399969
0.396552
0.400445
0.400534
0.404477
0.402013
0.405508
0.400441
0.399953
0.380935
0.400034
0.4
0.4
0.4
0.4
0.4
0.4
0.4
0.4
0.399975
0.4
0.4
0.4
0.400003
0.399999
0.4
0.40035
0.4
0.399985
0.4
0.4
0.399998
0.4
0.4
0.4
0.4
0.4
0.4
0.402846
0.399294
0.400036
0.399302
0.399431
0.4
0.4
0.4
0.4
0.4
0.4
0.4
0.4
0.39999
0.399999
0.403311
0.402981
0.378233
0.399938
0.400382
0.400426
0.399686
0.404321
0.401167
0.406361
0.400125
0.399888
0.382637
0.4
0.4
0.4
0.4
0.4
0.4
0.4
0.4
0.4
0.4
0.4
0.4
0.4
0.400001
0.400002
0.400109
0.4
0.399988
0.4
0.4
0.399998
0.4
0.4
0.4
0.4
0.4
0.400751
0.40043
0.400295
0.400357
0.400109
0.399658
0.4
0.4
0.4
0.4
0.4
0.4
0.4
0.4
0.4
0.399988
0.4
0.403207
0.400631
0.40322
0.377865
0.399941
0.400296
0.400048
0.399585
0.401865
0.406934
0.405086
0.400475
0.399959
0.399913
0.385075
0.399985
0.4
0.4
0.4
0.4
0.4
0.4
0.4
0.4
0.4
0.4
0.4
0.400001
0.400001
0.4
0.4
0.399997
0.4
0.4
0.4
0.4
0.400151
0.400222
0.400319
0.400143
0.399733
0.4
0.4
0.4
0.4
0.4
0.4
0.4
0.4
0.4
0.39999
0.399928
0.38146
0.4
0.400001
0.4
0.402766
0.40044
0.403102
0.37615
0.399977
0.400022
0.39999
0.399555
0.400407
0.402165
0.407803
0.40563
0.399883
0.4
0.4
0.4
0.4
0.4
0.4
0.4
0.4
0.4
0.4
0.4
0.4
0.4
0.4
0.400003
0.4
0.399997
0.4
0.4
0.400026
0.399998
0.40012
0.400178
0.400051
0.399776
0.4
0.4
0.4
0.4
0.4
0.4
0.4
0.4
0.4
0.399875
0.406842
0.378158
0.4
0.4
0.4
0.400002
0.4
0.403721
0.401068
0.403087
0.375564
0.400003
0.399975
0.399991
0.399974
0.400622
0.403183
0.407742
0.399961
0.4
0.4
0.4
0.4
0.4
0.4
0.4
0.4
0.4
0.4
0.4
0.4
0.4
0.4
0.4
0.399999
0.4
0.399989
0.399999
0.400056
0.400093
0.399998
0.400042
0.399884
0.4
0.4
0.4
0.4
0.4
0.4
0.4
0.399432
0.399624
0.408618
0.37362
0.4
0.4
0.400001
0.4
0.4
0.399961
0.4
0.4
0.403613
0.403458
0.400994
0.378204
0.400017
0.400004
0.399999
0.39991
0.400957
0.405723
0.4
0.4
0.4
0.4
0.4
0.4
0.4
0.4
0.4
0.4
0.4
0.4
0.4
0.4
0.4
0.399994
0.399999
0.399993
0.400032
0.399873
0.399999
0.400009
0.400021
0.4
0.4
0.4
0.4
0.4
0.4
0.4
0.4
0.399199
0.399008
0.399646
0.409091
0.390375
0.4
0.4
0.4
0.400001
0.4
0.4
0.399953
0.4
0.4
0.4
0.4
0.400001
0.403828
0.403261
0.400629
0.382096
0.399995
0.4
0.4
0.4
0.399848
0.402984
0.4
0.4
0.4
0.4
0.4
0.4
0.4
0.4
0.4
0.4
0.4
0.4
0.399999
0.399999
0.399994
0.399917
0.400013
0.400007
0.399999
0.400023
0.4
0.4
0.4
0.4
0.4
0.4
0.398583
0.398708
0.399902
0.410376
0.397505
0.4
0.4
0.400055
0.4
0.4
0.4
0.4
0.4
0.4
0.4
0.4
0.4
0.399999
0.404166
0.402044
0.400346
0.381964
0.40002
0.399998
0.4
0.399883
0.403317
0.4
0.4
0.4
0.4
0.4
0.4
0.4
0.4
0.4
0.4
0.4
0.4
0.4
0.399999
0.399997
0.39993
0.400002
0.400006
0.399999
0.40001
0.4
0.4
0.4
0.4
0.4
0.397306
0.397272
0.400003
0.39638
0.411561
0.4
0.4
0.400345
0.4
0.4
0.4
0.4
0.4
0.4
0.4
0.4
0.4
0.4
0.4
0.4
0.4
0.4
0.4
0.399999
0.404036
0.403129
0.400997
0.400088
0.381559
0.40009
0.399996
0.4
0.407136
0.409381
0.4
0.4
0.4
0.4
0.4
0.4
0.4
0.4
0.4
0.4
0.4
0.4
0.4
0.4
0.4
0.399999
0.399954
0.399977
0.400003
0.399999
0.399996
0.4
0.4
0.4
0.4
0.396761
0.396323
0.400118
0.397311
0.4
0.400503
0.4
0.4
0.4
0.4
0.4
0.4
0.4
0.4
0.4
0.4
0.4
0.4
0.4
0.4
0.4
0.400001
0.399995
0.4044
0.402105
0.400519
0.399996
0.383637
0.400164
0.399989
0.4
0.4
0.416998
0.41769
0.406213
0.4
0.4
0.4
0.4
0.4
0.4
0.4
0.4
0.4
0.4
0.4
0.399999
0.4
0.399958
0.399989
0.4
0.399998
0.4
0.4
0.4
0.394522
0.394051
0.398644
0.407888
0.4
0.400284
0.4
0.4
0.4
0.4
0.4
0.4
0.4
0.4
0.4
0.4
0.4
0.400001
0.4
0.4
0.4
0.399999
0.392301
0.400007
0.4
0.399989
0.404798
0.402979
0.400701
0.399979
0.400085
0.382409
0.40039
0.400038
0.4
0.4
0.423492
0.394351
0.415627
0.400001
0.4
0.4
0.4
0.4
0.4
0.4
0.4
0.4
0.4
0.4
0.4
0.399989
0.400002
0.4
0.4
0.4
0.398794
0.418482
0.4
0.4
0.4
0.4
0.4
0.4
0.4
0.4
0.399996
0.389113
0.400002
0.4
0.4
0.383077
0.389079
0.399981
0.403746
0.405348
0.401287
0.400188
0.399958
0.380876
0.400228
0.401122
0.4
0.4
0.423348
0.410339
0.399978
0.4
0.4
0.4
0.4
0.4
0.4
0.4
0.4
0.4
0.4
0.399954
0.400002
0.4
0.4
0.4
0.4
0.397306
0.397097
0.4
0.4
0.4
0.4
0.4
0.399988
0.399978
0.4
0.400001
0.381388
0.372703
0.39015
0.399862
0.4
0.399994
0.404495
0.401916
0.405603
0.400496
0.399924
0.381754
0.400873
0.402292
0.4
0.4
0.406212
0.411136
0.399954
0.4
0.4
0.4
0.4
0.4
0.4
0.4
0.4
0.399913
0.400001
0.400002
0.4
0.4
0.4
0.4
0.4
0.4
0.4
0.39998
0.399986
0.399909
0.4
0.400002
0.379076
0.393979
0.365631
0.387333
0.4
0.361515
0.4
0.401415
0.404526
0.401581
0.406344
0.400178
0.399907
0.38454
0.402474
0.4
0.395774
0.396236
0.4005
0.4
0.4
0.4
0.4
0.4
0.4
0.4
0.399933
0.400002
0.400001
0.4
0.4
0.4
0.4
0.4
0.4
0.4
0.399975
0.399892
0.399978
0.399988
0.400001
0.399995
0.359231
0.383803
0.35303
0.377809
0.4
0.4
0.399946
0.403937
0.40721
0.405579
0.401873
0.400379
0.399885
0.399901
0.382693
0.396599
0.4
0.403971
0.37733
0.40185
0.400001
0.4
0.4
0.4
0.4
0.4
0.4
0.400003
0.400002
0.4
0.4
0.4
0.4
0.4
0.399932
0.399902
0.400208
0.402144
0.399932
0.399989
0.347967
0.338851
0.357316
0.4
0.399969
0.399963
0.405298
0.407427
0.40296
0.407868
0.400587
0.39976
0.399624
0.380445
0.390363
0.349373
0.4
0.411532
0.359618
0.400001
0.4
0.4
0.4
0.4
0.4
0.400003
0.400001
0.399996
0.400008
0.399956
0.4
0.4
0.4
0.4
0.400636
0.402415
0.40291
0.405071
0.399922
0.40038
0.399977
0.329426
0.317996
0.401489
0.400531
0.401224
0.399995
0.391911
0.408241
0.406998
0.401559
0.399832
0.3996
0.399923
0.38274
0.341518
0.296975
0.4
0.377862
0.334523
0.400001
0.400001
0.399999
0.4
0.4
0.4
0.400002
0.39998
0.4
0.4
0.400001
0.404232
0.404361
0.391457
0.400027
0.399912
0.403644
0.399936
0.304971
0.403984
0.403904
0.401628
0.399958
0.400675
0.337749
0.408009
0.406643
0.402914
0.399927
0.399096
0.399656
0.387749
0.276415
0.272219
0.399996
0.335341
0.304243
0.399985
0.399998
0.399998
0.4
0.4
0.40001
0.400035
0.400001
0.400001
0.39503
0.364233
0.400862
0.400055
0.39819
0.399948
0.404008
0.398288
0.399913
0.400166
0.263207
0.407467
0.404931
0.40013
0.398692
0.39766
0.403248
0.390843
0.237471
0.26235
0.39999
0.400015
0.292915
0.399924
0.39995
0.399984
0.399993
0.4
0.399997
0.337871
0.296704
0.401679
0.342967
0.400608
0.39493
0.404557
0.355213
0.400212
0.400273
0.38897
0.197844
0.220245
0.407344
0.397211
0.396712
0.400271
0.397082
0.405744
0.409249
0.410867
0.394604
0.213761
0.242291
0.399995
0.40024
0.399953
0.399902
0.399918
0.399941
0.399963
0.399965
0.227986
0.403898
0.247533
0.325762
0.401568
0.401321
0.317701
0.371653
0.400085
0.292226
0.161685
0.396151
0.394644
0.399363
0.395282
0.400702
0.414047
0.417115
0.408156
0.398345
0.405398
0.180443
0.40006
0.400693
0.401171
0.400143
0.39994
0.400049
0.146375
0.396553
0.404433
0.209108
0.353975
0.401659
0.252251
0.400662
0.106202
0.396432
0.393044
0.407609
0.400739
0.410928
0.418418
0.416815
0.401228
0.403936
0.402839
0.400997
0.166769
0.322266
0.389693
0.197236
0.403615
0.240917
0.403193
0.183486
0.387013
0.391271
0.40281
0.412852
0.39985
0.419568
0.402675
0.387795
0.396898
0.221912
0.267507
0.327869
0.240876
0.397509
0.394806
0.253788
0.400015
0.381711
0.38106
0.408288
0.417751
0.387153
0.345008
0.362344
0.284089
0.299359
0.286087
0.367257
0.372954
0.328906
0.404755
0.397779
0.374111
0.411649
0.360083
0.324453
0.342118
0.333715
0.321816
0.376929
0.401415
0.401121
0.39483
0.375676
0.360533
0.346224
0.353805
0.407827
0.379156
0.399659
0.390045
0.421556
