0
0
0
0
2.88119e-07
3.23764e-07
0
2.87746e-07
4.31534e-07
6.47333e-07
6.47303e-07
5.74775e-07
0
3.08078e-07
6.16478e-07
8.63049e-07
9.70238e-07
8.62596e-07
1.10085e-06
9.23783e-07
0
3.08098e-07
6.15424e-07
6.15153e-07
9.99922e-07
1.22996e-06
1.29178e-06
1.43446e-06
1.23121e-06
0
2.87115e-07
6.14881e-07
9.9918e-07
9.9909e-07
1.38213e-06
1.73862e-06
1.53657e-06
1.71993e-06
1.84165e-06
1.79099e-06
0
3.22549e-07
7.16789e-07
9.98459e-07
1.38105e-06
1.76314e-06
2.14315e-06
1.94218e-06
2.14548e-06
2.14505e-06
2.14409e-06
0
2.86503e-07
6.44127e-07
8.59751e-07
1.11244e-06
1.53263e-06
1.76286e-06
2.14203e-06
2.48038e-06
2.43969e-06
2.56597e-06
2.567e-06
2.56587e-06
0
4.29275e-07
6.43616e-07
1.2268e-06
1.02975e-06
1.83685e-06
1.68414e-06
2.1403e-06
2.56266e-06
2.81553e-06
2.85783e-06
2.9844e-06
2.94225e-06
3.06637e-06
8.57881e-07
1.28479e-06
1.53021e-06
1.42788e-06
1.83439e-06
2.4135e-06
2.13863e-06
2.13647e-06
2.72797e-06
2.97965e-06
3.14768e-06
3.39739e-06
3.39578e-06
3.39608e-06
3.39766e-06
1.70942e-06
2.13438e-06
1.83192e-06
2.55461e-06
2.99758e-06
2.6849e-06
2.55642e-06
3.22558e-06
3.2901e-06
3.47623e-06
3.80587e-06
3.80352e-06
3.72371e-06
3.80512e-06
2.13177e-06
2.55115e-06
2.97009e-06
2.96663e-06
3.26439e-06
2.97324e-06
3.55358e-06
3.59663e-06
3.80236e-06
4.2076e-06
4.16738e-06
4.20551e-06
4.20728e-06
3.37639e-06
3.79479e-06
3.34034e-06
3.46585e-06
3.95808e-06
4.60371e-06
4.00149e-06
4.36258e-06
4.6026e-06
4.6017e-06
4.60105e-06
4.13482e-06
3.78294e-06
3.87135e-06
3.82751e-06
4.43591e-06
4.99133e-06
4.99117e-06
4.59591e-06
4.83206e-06
4.91361e-06
4.98871e-06
4.47197e-06
4.19106e-06
4.1823e-06
4.18733e-06
4.7489e-06
4.73704e-06
5.33436e-06
5.37267e-06
4.98433e-06
5.2164e-06
5.44603e-06
5.36969e-06
4.72354e-06
4.50655e-06
4.5756e-06
4.61918e-06
5.09179e-06
5.13397e-06
5.74431e-06
5.74488e-06
5.74357e-06
5.27017e-06
5.51727e-06
5.68629e-06
4.97246e-06
4.9618e-06
5.00557e-06
5.35105e-06
5.46872e-06
5.58471e-06
5.9963e-06
6.10769e-06
6.10855e-06
6.10721e-06
5.55173e-06
5.95836e-06
5.34068e-06
5.34572e-06
5.72222e-06
5.83709e-06
5.87844e-06
6.28311e-06
6.46284e-06
6.42726e-06
6.46057e-06
6.31601e-06
6.09978e-06
5.70953e-06
5.71681e-06
6.23826e-06
6.08492e-06
6.1977e-06
6.80729e-06
6.5635e-06
6.80718e-06
6.80467e-06
6.80063e-06
6.45299e-06
6.07132e-06
6.11416e-06
6.65579e-06
6.54784e-06
6.43774e-06
7.13962e-06
7.14035e-06
7.03778e-06
7.07304e-06
7.13384e-06
6.79721e-06
7.26744e-06
6.42381e-06
6.43055e-06
6.92657e-06
6.88743e-06
6.78067e-06
7.43148e-06
7.46372e-06
7.45948e-06
7.52554e-06
7.45608e-06
7.29289e-06
6.76566e-06
6.80752e-06
7.18729e-06
7.18339e-06
7.17854e-06
7.77187e-06
7.77438e-06
7.77463e-06
7.77115e-06
7.44689e-06
7.76639e-06
7.60937e-06
7.09748e-06
7.13743e-06
7.43391e-06
7.44172e-06
7.42654e-06
8.01284e-06
8.07324e-06
8.07388e-06
8.0701e-06
8.06604e-06
7.75738e-06
7.91378e-06
7.41888e-06
7.68344e-06
7.75178e-06
7.73725e-06
8.30237e-06
8.35645e-06
8.36018e-06
8.36071e-06
8.29584e-06
8.20633e-06
8.05646e-06
7.72642e-06
8.04248e-06
8.13751e-06
8.51793e-06
8.0252e-06
8.06317e-06
8.62984e-06
8.6868e-06
8.6336e-06
8.63363e-06
8.4871e-06
8.45451e-06
8.32766e-06
8.37722e-06
8.73168e-06
8.30959e-06
8.34725e-06
8.89257e-06
8.90052e-06
8.89763e-06
8.89423e-06
8.89596e-06
8.8816e-06
8.60884e-06
8.77302e-06
8.60105e-06
9.03646e-06
8.58202e-06
8.59249e-06
9.09122e-06
9.06465e-06
9.14191e-06
9.14169e-06
9.12809e-06
8.97547e-06
8.8095e-06
8.86865e-06
9.27461e-06
8.84103e-06
8.87702e-06
9.37508e-06
9.32702e-06
9.36964e-06
9.35149e-06
9.21615e-06
9.36053e-06
9.11507e-06
9.10748e-06
9.3611e-06
9.45465e-06
9.08666e-06
9.12152e-06
9.58772e-06
9.59242e-06
9.59319e-06
9.59168e-06
9.48691e-06
9.57835e-06
9.35023e-06
9.33804e-06
9.50099e-06
9.70741e-06
9.31744e-06
9.32853e-06
9.76135e-06
9.77687e-06
9.79682e-06
9.79487e-06
9.65545e-06
9.78247e-06
9.55618e-06
9.66769e-06
9.90222e-06
9.53504e-06
9.56706e-06
9.92476e-06
9.98208e-06
9.98463e-06
9.98537e-06
9.85321e-06
9.96973e-06
9.75893e-06
9.82489e-06
1.00466e-05
9.73734e-06
9.74905e-06
1.01552e-05
1.01533e-05
1.01568e-05
1.01588e-05
1.01437e-05
9.95067e-06
1.00692e-05
9.949e-06
9.94549e-06
1.018e-05
9.92465e-06
9.93551e-06
1.0201e-05
1.03044e-05
1.02824e-05
1.03106e-05
1.02995e-05
1.03161e-05
1.03725e-05
1.01288e-05
1.00855e-05
1.00962e-05
1.01241e-05
1.03512e-05
1.02848e-05
1.04473e-05
1.04276e-05
1.04508e-05
1.04425e-05
1.04573e-05
1.05062e-05
1.03055e-05
1.0253e-05
1.02792e-05
1.04153e-05
1.05111e-05
1.04264e-05
1.05583e-05
1.06225e-05
1.0572e-05
1.05799e-05
1.05817e-05
1.05819e-05
1.06045e-05
1.04061e-05
1.03934e-05
1.05174e-05
1.05506e-05
1.0692e-05
1.06959e-05
1.06545e-05
1.06808e-05
1.06683e-05
1.06903e-05
1.06913e-05
1.069e-05
1.05184e-05
1.05414e-05
1.06503e-05
1.07255e-05
1.07603e-05
1.07679e-05
1.07732e-05
1.07787e-05
1.07815e-05
1.07743e-05
1.07832e-05
1.07426e-05
1.0789e-05
1.06267e-05
1.06486e-05
1.07298e-05
1.083e-05
1.08334e-05
1.08257e-05
1.08329e-05
1.08363e-05
1.08388e-05
1.08594e-05
1.07951e-05
1.08509e-05
1.07188e-05
1.0783e-05
1.09186e-05
1.08966e-05
1.08858e-05
1.08952e-05
1.08808e-05
1.09185e-05
1.08853e-05
1.09002e-05
1.09227e-05
1.08387e-05
1.08998e-05
1.07932e-05
1.08426e-05
1.09609e-05
1.09507e-05
1.09242e-05
1.095e-05
1.09328e-05
1.0939e-05
1.0923e-05
1.09503e-05
1.09335e-05
1.09456e-05
1.09272e-05
1.08901e-05
1.08521e-05
1.09632e-05
1.0961e-05
1.09872e-05
1.09755e-05
1.09684e-05
1.0958e-05
1.09637e-05
1.09691e-05
1.09741e-05
1.09584e-05
1.09529e-05
1.09403e-05
1.09214e-05
1.08942e-05
1.09704e-05
1.09945e-05
1.09946e-05
1.09886e-05
1.09785e-05
1.0979e-05
1.09831e-05
1.09865e-05
1.09413e-05
1.09205e-05
1.09922e-05
1.09841e-05
1.09886e-05
1.0927e-05
